1 51800
1 251629
1 19973
1 109170
1 0
1 0
1 0
1 0
1 0
1 0
1 0
1 0
1 0
1 56047
1 918295
1 469565
1 0
1 0
1 0
1 24757
1 0
1 0
1 0
1 1000000
1 469565
1 0
1 0
1 0
1 109170
1 72905
1 170950
1 34851
2 16313
2 0
2 5802
2 316689
2 0
2 0
2 0
2 0
2 0
2 0
2 0
2 0
2 5977
2 199203
2 0
2 5977
2 0
2 0
2 0
2 24757
2 0
2 0
2 0
2 1000000
2 76009
2 0
2 0
2 0
2 109170
2 170950
2 721928
2 1617
3 7234
3 251629
3 19973
3 316689
3 0
3 0
3 0
3 0
3 0
3 0
3 0
3 0
3 291691
3 137925
3 0
3 291691
3 0
3 0
3 0
3 2565
3 0
3 0
3 0
3 0
3 76009
3 0
3 0
3 0
3 190874
3 321928
3 721928
3 91277
4 16313
4 918295
4 7403
4 0
4 0
4 0
4 0
4 0
4 0
4 0
4 0
4 0
4 76009
4 25850
4 0
4 61743
4 0
4 0
4 0
4 0
4 0
4 0
4 0
4 0
4 169584
4 0
4 0
4 0
4 190874
4 721928
4 0
4 5802
5 16313
5 0
5 7403
5 0
5 0
5 0
5 0
5 0
5 0
5 0
5 0
5 0
5 76009
5 0
5 0
5 305958
5 0
5 0
5 0
5 0
5 0
5 0
5 0
5 0
5 0
5 0
5 0
5 0
5 48415
5 721928
5 0
5 1617
6 84939
6 0
6 144484
6 0
6 0
6 0
6 0
6 0
6 0
6 0
6 0
6 0
6 0
6 0
6 0
6 305958
6 0
6 0
6 0
6 0
6 0
6 0
6 0
6 0
6 76009
6 0
6 0
6 0
6 48415
6 721928
6 0
6 1617
7 0
7 0
7 170950
7 316689
7 0
7 0
7 0
7 0
7 0
7 0
7 0
7 0
7 0
7 25850
7 918295
7 61743
7 0
7 0
7 0
7 319760
7 0
7 0
7 0
7 1000000
7 305958
7 0
7 0
7 0
7 48415
7 72905
7 321928
7 446439
8 0
8 251629
8 124511
8 0
8 0
8 0
8 0
8 0
8 0
8 0
8 0
8 0
8 169584
8 56047
8 251629
8 76009
8 0
8 0
8 0
8 92888
8 0
8 0
8 0
8 1000000
8 0
8 0
8 0
8 0
8 48415
8 321928
8 72905
8 34851
9 111347
9 251629
9 7403
9 0
9 0
9 0
9 0
9 0
9 0
9 0
9 0
9 0
9 0
9 25850
9 0
9 76009
9 0
9 0
9 0
9 92888
9 0
9 0
9 0
9 0
9 76009
9 0
9 0
9 0
9 0
9 72905
9 72905
9 54824
10 1331
10 251629
10 7403
10 316689
10 0
10 0
10 0
10 0
10 0
10 0
10 0
10 0
10 5977
10 56047
10 251629
10 61743
10 0
10 0
10 0
10 92888
10 0
10 0
10 0
10 0
10 76009
10 0
10 0
10 0
10 190874
10 72905
10 170950
10 91277
11 16313
11 0
11 91277
11 48415
11 0
11 0
11 0
11 0
11 0
11 0
11 0
11 0
11 291691
11 137925
11 918295
11 5977
11 0
11 0
11 0
11 152007
11 0
11 0
11 0
11 1000000
11 76009
11 0
11 0
11 0
11 48415
11 321928
11 721928
11 1617
12 7234
12 251629
12 46439
12 190874
12 0
12 0
12 0
12 0
12 0
12 0
12 0
12 0
12 291691
12 25850
12 918295
12 291691
12 0
12 0
12 0
12 2565
12 0
12 0
12 0
12 0
12 76009
12 0
12 0
12 0
12 316689
12 0
12 72905
12 117743
13 311323
13 251629
13 0
13 190874
13 0
13 0
13 0
13 0
13 0
13 0
13 0
13 0
13 61743
13 56047
13 251629
13 291691
13 0
13 0
13 0
13 152007
13 0
13 0
13 0
13 0
13 291691
13 0
13 0
13 0
13 190874
13 0
13 72905
13 32268
14 299896
14 918295
14 144484
14 48415
14 0
14 0
14 0
14 0
14 0
14 0
14 0
14 0
14 76009
14 56047
14 918295
14 291691
14 0
14 0
14 0
14 81792
14 0
14 0
14 0
14 0
14 76009
14 0
14 0
14 0
14 0
14 170950
14 321928
14 281290
15 3430
15 251629
15 5802
15 190874
15 0
15 0
15 0
15 0
15 0
15 0
15 0
15 0
15 61743
15 137925
15 251629
15 76009
15 0
15 0
15 0
15 92888
15 0
15 0
15 0
15 0
15 169584
15 0
15 0
15 0
15 190874
15 170950
15 72905
15 117743
16 16313
16 0
16 556779
16 0
16 0
16 0
16 0
16 0
16 0
16 0
16 0
16 0
16 5977
16 137925
16 918295
16 76009
16 0
16 0
16 0
16 152007
16 0
16 0
16 0
16 0
16 61743
16 0
16 0
16 0
16 650022
16 170950
16 321928
16 191631
17 164992
17 0
17 556779
17 109170
17 0
17 0
17 0
17 0
17 0
17 0
17 0
17 0
17 0
17 199203
17 251629
17 291691
17 0
17 0
17 0
17 92888
17 0
17 0
17 0
17 0
17 5977
17 0
17 0
17 0
17 650022
17 72905
17 321928
17 281290
18 404009
18 251629
18 0
18 190874
18 0
18 0
18 0
18 0
18 0
18 0
18 0
18 0
18 61743
18 137925
18 0
18 305958
18 0
18 0
18 0
18 2565
18 0
18 0
18 0
18 0
18 5977
18 0
18 0
18 0
18 190874
18 170950
18 170950
18 191631
19 49452
19 251629
19 0
19 109170
19 0
19 0
19 0
19 0
19 0
19 0
19 0
19 0
19 61743
19 56047
19 251629
19 76009
19 0
19 0
19 0
19 43068
19 0
19 0
19 0
19 0
19 169584
19 0
19 0
19 0
19 650022
19 72905
19 170950
19 1617
20 72056
20 251629
20 19973
20 109170
20 0
20 0
20 0
20 0
20 0
20 0
20 0
20 0
20 5977
20 56047
20 251629
20 291691
20 0
20 0
20 0
20 224787
20 0
20 0
20 0
20 0
20 291691
20 0
20 0
20 0
20 190874
20 321928
20 170950
20 34851
21 72056
21 251629
21 256425
21 190874
21 0
21 0
21 0
21 0
21 0
21 0
21 0
21 0
21 61743
21 199203
21 251629
21 5977
21 0
21 0
21 0
21 152007
21 0
21 0
21 0
21 0
21 61743
21 0
21 0
21 0
21 109170
21 721928
21 72905
21 5802
22 3430
22 251629
22 144484
22 190874
22 0
22 0
22 0
22 0
22 0
22 0
22 0
22 0
22 76009
22 92359
22 251629
22 5977
22 0
22 0
22 0
22 81792
22 0
22 0
22 0
22 0
22 169584
22 0
22 0
22 0
22 316689
22 170950
22 321928
22 395815
23 7234
23 251629
23 321928
23 109170
23 0
23 0
23 0
23 0
23 0
23 0
23 0
23 0
23 469565
23 92359
23 0
23 863120
23 0
23 0
23 0
23 2565
23 0
23 0
23 0
23 0
23 5977
23 0
23 0
23 0
23 109170
23 321928
23 72905
23 556779
24 1331
24 251629
24 609986
24 190874
24 0
24 0
24 0
24 0
24 0
24 0
24 0
24 0
24 61743
24 92359
24 251629
24 5977
24 0
24 0
24 0
24 24757
24 0
24 0
24 0
24 1000000
24 5977
24 0
24 0
24 0
24 109170
24 72905
24 72905
24 1617
25 639472
25 0
25 0
25 190874
25 0
25 0
25 0
25 0
25 0
25 0
25 0
25 0
25 5977
25 92359
25 918295
25 469565
25 0
25 0
25 0
25 2565
25 0
25 0
25 0
25 1000000
25 5977
25 0
25 0
25 0
25 48415
25 0
25 0
25 1617
26 51800
26 0
26 46439
26 190874
26 0
26 0
26 0
26 0
26 0
26 0
26 0
26 0
26 169584
26 56047
26 918295
26 169584
26 0
26 0
26 0
26 2565
26 0
26 0
26 0
26 0
26 61743
26 0
26 0
26 0
26 109170
26 170950
26 321928
26 281290
27 7234
27 251629
27 91277
27 190874
27 0
27 0
27 0
27 0
27 0
27 0
27 0
27 0
27 5977
27 92359
27 0
27 169584
27 0
27 0
27 0
27 152007
27 0
27 0
27 0
27 0
27 5977
27 0
27 0
27 0
27 316689
27 72905
27 170950
27 191631
28 164992
28 251629
28 144484
28 48415
28 0
28 0
28 0
28 0
28 0
28 0
28 0
28 0
28 5977
28 199203
28 0
28 5977
28 0
28 0
28 0
28 2565
28 0
28 0
28 0
28 0
28 0
28 0
28 0
28 0
28 190874
28 170950
28 170950
28 34851
29 72056
29 918295
29 78982
29 190874
29 0
29 0
29 0
29 0
29 0
29 0
29 0
29 0
29 5977
29 293564
29 251629
29 291691
29 0
29 0
29 0
29 24757
29 0
29 0
29 0
29 0
29 5977
29 0
29 0
29 0
29 109170
29 321928
29 72905
29 1617
31 3430
31 918295
31 91277
31 48415
31 0
31 0
31 0
31 0
31 0
31 0
31 0
31 0
31 61743
31 92359
31 918295
31 169584
31 0
31 0
31 0
31 43068
31 0
31 0
31 0
31 0
31 169584
31 0
31 0
31 0
31 109170
31 72905
31 170950
31 281290
32 3430
32 251629
32 19973
32 48415
32 0
32 0
32 0
32 0
32 0
32 0
32 0
32 0
32 76009
32 92359
32 0
32 291691
32 0
32 0
32 0
32 224787
32 0
32 0
32 0
32 0
32 5977
32 0
32 0
32 0
32 48415
32 72905
32 170950
32 91277
33 7234
33 0
33 256425
33 190874
33 0
33 0
33 0
33 0
33 0
33 0
33 0
33 0
33 469565
33 92359
33 251629
33 5977
33 0
33 0
33 0
33 224787
33 0
33 0
33 0
33 0
33 291691
33 0
33 0
33 0
33 190874
33 170950
33 170950
33 91277
35 164992
35 251629
35 19973
35 190874
35 0
35 0
35 0
35 0
35 0
35 0
35 0
35 0
35 61743
35 92359
35 251629
35 169584
35 0
35 0
35 0
35 2565
35 0
35 0
35 0
35 0
35 5977
35 0
35 0
35 0
35 316689
35 170950
35 170950
35 1617
36 16313
36 918295
36 124511
36 109170
36 0
36 0
36 0
36 0
36 0
36 0
36 0
36 0
36 76009
36 25850
36 918295
36 469565
36 0
36 0
36 0
36 92888
36 0
36 0
36 0
36 0
36 291691
36 0
36 0
36 0
36 650022
36 170950
36 72905
36 395815
37 49452
37 918295
37 5802
37 316689
37 0
37 0
37 0
37 0
37 0
37 0
37 0
37 0
37 5977
37 92359
37 0
37 61743
37 0
37 0
37 0
37 319760
37 0
37 0
37 0
37 1000000
37 0
37 0
37 0
37 0
37 190874
37 170950
37 72905
37 91277
38 7234
38 918295
38 46439
38 316689
38 0
38 0
38 0
38 0
38 0
38 0
38 0
38 0
38 291691
38 56047
38 251629
38 305958
38 0
38 0
38 0
38 81792
38 0
38 0
38 0
38 0
38 469565
38 0
38 0
38 0
38 48415
38 72905
38 321928
38 281290
39 72056
39 918295
39 19973
39 190874
39 0
39 0
39 0
39 0
39 0
39 0
39 0
39 0
39 76009
39 137925
39 918295
39 76009
39 0
39 0
39 0
39 2565
39 0
39 0
39 0
39 0
39 5977
39 0
39 0
39 0
39 0
39 170950
39 321928
39 191631
40 311323
40 0
40 46439
40 0
40 0
40 0
40 0
40 0
40 0
40 0
40 0
40 0
40 169584
40 92359
40 251629
40 5977
40 0
40 0
40 0
40 2565
40 0
40 0
40 0
40 0
40 5977
40 0
40 0
40 0
40 48415
40 170950
40 170950
40 281290
41 404009
41 251629
41 46439
41 316689
41 0
41 0
41 0
41 0
41 0
41 0
41 0
41 0
41 61743
41 137925
41 0
41 291691
41 0
41 0
41 0
41 2565
41 0
41 0
41 0
41 0
41 61743
41 0
41 0
41 0
41 316689
41 170950
41 321928
41 281290
42 3430
42 251629
42 19973
42 190874
42 0
42 0
42 0
42 0
42 0
42 0
42 0
42 0
42 291691
42 92359
42 251629
42 61743
42 0
42 0
42 0
42 2565
42 0
42 0
42 0
42 1000000
42 5977
42 0
42 0
42 0
42 48415
42 321928
42 321928
42 395815
43 183149
43 251629
43 46439
43 48415
43 0
43 0
43 0
43 0
43 0
43 0
43 0
43 0
43 61743
43 92359
43 251629
43 5977
43 0
43 0
43 0
43 24757
43 0
43 0
43 0
43 0
43 5977
43 0
43 0
43 0
43 190874
43 321928
43 321928
43 5802
44 49452
44 0
44 170950
44 650022
44 0
44 0
44 0
44 0
44 0
44 0
44 0
44 0
44 169584
44 92359
44 918295
44 5977
44 0
44 0
44 0
44 92888
44 0
44 0
44 0
44 0
44 76009
44 0
44 0
44 0
44 48415
44 170950
44 170950
44 117743
45 1331
45 251629
45 5802
45 190874
45 0
45 0
45 0
45 0
45 0
45 0
45 0
45 0
45 76009
45 56047
45 0
45 5977
45 0
45 0
45 0
45 458105
45 0
45 0
45 0
45 0
45 169584
45 0
45 0
45 0
45 109170
45 72905
45 321928
45 281290
46 51800
46 251629
46 321928
46 190874
46 0
46 0
46 0
46 0
46 0
46 0
46 0
46 0
46 5977
46 92359
46 251629
46 291691
46 0
46 0
46 0
46 24757
46 0
46 0
46 0
46 1000000
46 169584
46 0
46 0
46 0
46 48415
46 321928
46 170950
46 34851
47 299896
47 251629
47 5802
47 190874
47 0
47 0
47 0
47 0
47 0
47 0
47 0
47 0
47 169584
47 137925
47 251629
47 469565
47 0
47 0
47 0
47 24757
47 0
47 0
47 0
47 0
47 5977
47 0
47 0
47 0
47 190874
47 170950
47 170950
47 281290
48 3430
48 918295
48 321928
48 316689
48 0
48 0
48 0
48 0
48 0
48 0
48 0
48 0
48 0
48 92359
48 918295
48 76009
48 0
48 0
48 0
48 281036
48 0
48 0
48 0
48 0
48 76009
48 0
48 0
48 0
48 0
48 72905
48 321928
48 117743
49 183149
49 918295
49 256425
49 190874
49 0
49 0
49 0
49 0
49 0
49 0
49 0
49 0
49 76009
49 92359
49 918295
49 61743
49 0
49 0
49 0
49 92888
49 0
49 0
49 0
49 0
49 169584
49 0
49 0
49 0
49 48415
49 321928
49 321928
49 395815
50 7234
50 918295
50 321928
50 650022
50 0
50 0
50 0
50 0
50 0
50 0
50 0
50 0
50 5977
50 92359
50 0
50 5977
50 0
50 0
50 0
50 24757
50 0
50 0
50 0
50 0
50 76009
50 0
50 0
50 0
50 650022
50 72905
50 321928
50 281290
51 3430
51 918295
51 5802
51 316689
51 0
51 0
51 0
51 0
51 0
51 0
51 0
51 0
51 169584
51 137925
51 251629
51 61743
51 0
51 0
51 0
51 152007
51 0
51 0
51 0
51 1000000
51 291691
51 0
51 0
51 0
51 48415
51 321928
51 0
51 191631
52 51800
52 918295
52 7403
52 190874
52 0
52 0
52 0
52 0
52 0
52 0
52 0
52 0
52 169584
52 56047
52 0
52 5977
52 0
52 0
52 0
52 43068
52 0
52 0
52 0
52 0
52 76009
52 0
52 0
52 0
52 0
52 72905
52 72905
52 1617
53 3430
53 251629
53 19973
53 109170
53 0
53 0
53 0
53 0
53 0
53 0
53 0
53 0
53 5977
53 25850
53 251629
53 469565
53 0
53 0
53 0
53 24757
53 0
53 0
53 0
53 1000000
53 61743
53 0
53 0
53 0
53 190874
53 170950
53 321928
53 1617
54 51800
54 251629
54 91277
54 190874
54 0
54 0
54 0
54 0
54 0
54 0
54 0
54 0
54 76009
54 56047
54 0
54 469565
54 0
54 0
54 0
54 81792
54 0
54 0
54 0
54 1000000
54 0
54 0
54 0
54 0
54 0
54 170950
54 72905
54 34851
55 51800
55 251629
55 91277
55 316689
55 0
55 0
55 0
55 0
55 0
55 0
55 0
55 0
55 291691
55 56047
55 251629
55 61743
55 0
55 0
55 0
55 92888
55 0
55 0
55 0
55 1000000
55 61743
55 0
55 0
55 0
55 48415
55 321928
55 170950
55 281290
56 299896
56 918295
56 0
56 48415
56 0
56 0
56 0
56 0
56 0
56 0
56 0
56 0
56 61743
56 56047
56 251629
56 469565
56 0
56 0
56 0
56 81792
56 0
56 0
56 0
56 0
56 76009
56 0
56 0
56 0
56 316689
56 170950
56 170950
56 54824
57 16313
57 918295
57 170950
57 48415
57 0
57 0
57 0
57 0
57 0
57 0
57 0
57 0
57 61743
57 25850
57 918295
57 0
57 0
57 0
57 0
57 281036
57 0
57 0
57 0
57 0
57 5977
57 0
57 0
57 0
57 190874
57 321928
57 321928
57 32268
58 16313
58 918295
58 19973
58 109170
58 0
58 0
58 0
58 0
58 0
58 0
58 0
58 0
58 169584
58 25850
58 0
58 76009
58 0
58 0
58 0
58 24757
58 0
58 0
58 0
58 0
58 169584
58 0
58 0
58 0
58 109170
58 72905
58 721928
58 117743
59 51800
59 251629
59 170950
59 316689
59 0
59 0
59 0
59 0
59 0
59 0
59 0
59 0
59 5977
59 56047
59 251629
59 61743
59 0
59 0
59 0
59 2565
59 0
59 0
59 0
59 0
59 0
59 0
59 0
59 0
59 190874
59 321928
59 170950
59 117743
60 639472
60 251629
60 556779
60 48415
60 0
60 0
60 0
60 0
60 0
60 0
60 0
60 0
60 291691
60 56047
60 251629
60 469565
60 0
60 0
60 0
60 92888
60 0
60 0
60 0
60 1000000
60 469565
60 0
60 0
60 0
60 316689
60 170950
60 321928
60 91277
61 16313
61 0
61 419973
61 48415
61 0
61 0
61 0
61 0
61 0
61 0
61 0
61 0
61 0
61 199203
61 251629
61 61743
61 0
61 0
61 0
61 24757
61 0
61 0
61 0
61 1000000
61 291691
61 0
61 0
61 0
61 316689
61 72905
61 321928
61 395815
62 164992
62 251629
62 609986
62 48415
62 0
62 0
62 0
62 0
62 0
62 0
62 0
62 0
62 169584
62 137925
62 251629
62 469565
62 0
62 0
62 0
62 2565
62 0
62 0
62 0
62 0
62 5977
62 0
62 0
62 0
62 109170
62 321928
62 170950
62 191631
63 444771
63 0
63 19973
63 48415
63 0
63 0
63 0
63 0
63 0
63 0
63 0
63 0
63 469565
63 56047
63 251629
63 305958
63 0
63 0
63 0
63 2565
63 0
63 0
63 0
63 1000000
63 305958
63 0
63 0
63 0
63 316689
63 170950
63 170950
63 117743
64 3430
64 251629
64 170950
64 316689
64 0
64 0
64 0
64 0
64 0
64 0
64 0
64 0
64 61743
64 56047
64 251629
64 291691
64 0
64 0
64 0
64 2565
64 0
64 0
64 0
64 0
64 61743
64 0
64 0
64 0
64 190874
64 72905
64 72905
64 91277
65 7234
65 251629
65 0
65 316689
65 0
65 0
65 0
65 0
65 0
65 0
65 0
65 0
65 5977
65 199203
65 251629
65 61743
65 0
65 0
65 0
65 2565
65 0
65 0
65 0
65 0
65 5977
65 0
65 0
65 0
65 190874
65 170950
65 72905
65 5802
66 299896
66 251629
66 19973
66 190874
66 0
66 0
66 0
66 0
66 0
66 0
66 0
66 0
66 169584
66 56047
66 0
66 169584
66 0
66 0
66 0
66 2565
66 0
66 0
66 0
66 0
66 5977
66 0
66 0
66 0
66 48415
66 170950
66 321928
66 34851
67 1331
67 251629
67 7403
67 0
67 0
67 0
67 0
67 0
67 0
67 0
67 0
67 0
67 469565
67 137925
67 251629
67 291691
67 0
67 0
67 0
67 152007
67 0
67 0
67 0
67 0
67 5977
67 0
67 0
67 0
67 109170
67 72905
67 170950
67 556779
68 1331
68 918295
68 5802
68 316689
68 0
68 0
68 0
68 0
68 0
68 0
68 0
68 0
68 61743
68 137925
68 0
68 291691
68 0
68 0
68 0
68 152007
68 0
68 0
68 0
68 0
68 305958
68 0
68 0
68 0
68 48415
68 170950
68 72905
68 1617
69 16313
69 0
69 609986
69 190874
69 0
69 0
69 0
69 0
69 0
69 0
69 0
69 0
69 5977
69 25850
69 251629
69 61743
69 0
69 0
69 0
69 24757
69 0
69 0
69 0
69 0
69 5977
69 0
69 0
69 0
69 48415
69 72905
69 170950
69 5802
70 111347
70 918295
70 7403
70 109170
70 0
70 0
70 0
70 0
70 0
70 0
70 0
70 0
70 169584
70 92359
70 0
70 61743
70 0
70 0
70 0
70 224787
70 0
70 0
70 0
70 0
70 76009
70 0
70 0
70 0
70 316689
70 170950
70 72905
70 191631
71 3430
71 251629
71 556779
71 316689
71 0
71 0
71 0
71 0
71 0
71 0
71 0
71 0
71 5977
71 137925
71 251629
71 5977
71 0
71 0
71 0
71 319760
71 0
71 0
71 0
71 1000000
71 5977
71 0
71 0
71 0
71 190874
71 72905
71 72905
71 1617
72 7234
72 0
72 321928
72 190874
72 0
72 0
72 0
72 0
72 0
72 0
72 0
72 0
72 76009
72 137925
72 918295
72 169584
72 0
72 0
72 0
72 81792
72 0
72 0
72 0
72 0
72 61743
72 0
72 0
72 0
72 650022
72 321928
72 72905
72 5802
73 49452
73 251629
73 19973
73 190874
73 0
73 0
73 0
73 0
73 0
73 0
73 0
73 0
73 5977
73 137925
73 251629
73 169584
73 0
73 0
73 0
73 81792
73 0
73 0
73 0
73 1000000
73 76009
73 0
73 0
73 0
73 190874
73 321928
73 72905
73 191631
74 49452
74 918295
74 7403
74 650022
74 0
74 0
74 0
74 0
74 0
74 0
74 0
74 0
74 291691
74 56047
74 0
74 469565
74 0
74 0
74 0
74 152007
74 0
74 0
74 0
74 0
74 291691
74 0
74 0
74 0
74 109170
74 170950
74 170950
74 5802
75 16313
75 0
75 5802
75 650022
75 0
75 0
75 0
75 0
75 0
75 0
75 0
75 0
75 5977
75 56047
75 0
75 469565
75 0
75 0
75 0
75 224787
75 0
75 0
75 0
75 1000000
75 291691
75 0
75 0
75 0
75 109170
75 321928
75 72905
75 34851
76 49452
76 251629
76 0
76 109170
76 0
76 0
76 0
76 0
76 0
76 0
76 0
76 0
76 5977
76 92359
76 0
76 5977
76 0
76 0
76 0
76 24757
76 0
76 0
76 0
76 1000000
76 5977
76 0
76 0
76 0
76 109170
76 721928
76 321928
76 54824
77 16313
77 918295
77 91277
77 190874
77 0
77 0
77 0
77 0
77 0
77 0
77 0
77 0
77 61743
77 56047
77 0
77 5977
77 0
77 0
77 0
77 2565
77 0
77 0
77 0
77 0
77 61743
77 0
77 0
77 0
77 316689
77 170950
77 72905
77 5802
78 7234
78 0
78 19973
78 316689
78 0
78 0
78 0
78 0
78 0
78 0
78 0
78 0
78 61743
78 92359
78 251629
78 5977
78 0
78 0
78 0
78 319760
78 0
78 0
78 0
78 0
78 5977
78 0
78 0
78 0
78 316689
78 321928
78 72905
78 34851
79 51800
79 251629
79 19973
79 190874
79 0
79 0
79 0
79 0
79 0
79 0
79 0
79 0
79 5977
79 25850
79 251629
79 469565
79 0
79 0
79 0
79 224787
79 0
79 0
79 0
79 0
79 291691
79 0
79 0
79 0
79 316689
79 72905
79 0
79 34851
80 7234
80 918295
80 970950
80 48415
80 0
80 0
80 0
80 0
80 0
80 0
80 0
80 0
80 61743
80 92359
80 918295
80 469565
80 0
80 0
80 0
80 2565
80 0
80 0
80 0
80 1000000
80 5977
80 0
80 0
80 0
80 109170
80 170950
80 72905
80 117743
81 1331
81 918295
81 19973
81 650022
81 0
81 0
81 0
81 0
81 0
81 0
81 0
81 0
81 291691
81 92359
81 0
81 61743
81 0
81 0
81 0
81 2565
81 0
81 0
81 0
81 0
81 5977
81 0
81 0
81 0
81 109170
81 170950
81 721928
81 34851
82 72056
82 918295
82 19973
82 109170
82 0
82 0
82 0
82 0
82 0
82 0
82 0
82 0
82 61743
82 137925
82 0
82 469565
82 0
82 0
82 0
82 2565
82 0
82 0
82 0
82 0
82 291691
82 0
82 0
82 0
82 109170
82 721928
82 72905
82 117743
83 16313
83 251629
83 419973
83 109170
83 0
83 0
83 0
83 0
83 0
83 0
83 0
83 0
83 169584
83 92359
83 251629
83 305958
83 0
83 0
83 0
83 152007
83 0
83 0
83 0
83 0
83 169584
83 0
83 0
83 0
83 48415
83 170950
83 721928
83 34851
84 72056
84 251629
84 46439
84 316689
84 0
84 0
84 0
84 0
84 0
84 0
84 0
84 0
84 469565
84 56047
84 918295
84 305958
84 0
84 0
84 0
84 2565
84 0
84 0
84 0
84 1000000
84 0
84 0
84 0
84 0
84 48415
84 72905
84 0
84 91277
85 3430
85 918295
85 19973
85 316689
85 0
85 0
85 0
85 0
85 0
85 0
85 0
85 0
85 169584
85 56047
85 0
85 61743
85 0
85 0
85 0
85 2565
85 0
85 0
85 0
85 1000000
85 169584
85 0
85 0
85 0
85 109170
85 170950
85 170950
85 191631
86 51800
86 0
86 91277
86 48415
86 0
86 0
86 0
86 0
86 0
86 0
86 0
86 0
86 169584
86 199203
86 251629
86 469565
86 0
86 0
86 0
86 2565
86 0
86 0
86 0
86 1000000
86 0
86 0
86 0
86 0
86 190874
86 721928
86 321928
86 1617
87 84939
87 251629
87 5802
87 316689
87 0
87 0
87 0
87 0
87 0
87 0
87 0
87 0
87 76009
87 293564
87 918295
87 61743
87 0
87 0
87 0
87 281036
87 0
87 0
87 0
87 0
87 5977
87 0
87 0
87 0
87 190874
87 72905
87 170950
87 191631
88 164992
88 918295
88 19973
88 190874
88 0
88 0
88 0
88 0
88 0
88 0
88 0
88 0
88 5977
88 25850
88 918295
88 5977
88 0
88 0
88 0
88 81792
88 0
88 0
88 0
88 0
88 5977
88 0
88 0
88 0
88 0
88 721928
88 170950
88 34851
89 16313
89 251629
89 281290
89 109170
89 0
89 0
89 0
89 0
89 0
89 0
89 0
89 0
89 76009
89 56047
89 0
89 76009
89 0
89 0
89 0
89 43068
89 0
89 0
89 0
89 1000000
89 169584
89 0
89 0
89 0
89 0
89 321928
89 721928
89 281290
90 1331
90 251629
90 556779
90 190874
90 0
90 0
90 0
90 0
90 0
90 0
90 0
90 0
90 0
90 137925
90 251629
90 5977
90 0
90 0
90 0
90 2565
90 0
90 0
90 0
90 0
90 76009
90 0
90 0
90 0
90 48415
90 72905
90 321928
90 0
91 3430
91 918295
91 19973
91 0
91 0
91 0
91 0
91 0
91 0
91 0
91 0
91 0
91 5977
91 56047
91 251629
91 61743
91 0
91 0
91 0
91 224787
91 0
91 0
91 0
91 1000000
91 0
91 0
91 0
91 0
91 48415
91 0
91 170950
91 281290
92 0
92 0
92 91277
92 316689
92 0
92 0
92 0
92 0
92 0
92 0
92 0
92 0
92 169584
92 137925
92 0
92 5977
92 0
92 0
92 0
92 2565
92 0
92 0
92 0
92 0
92 169584
92 0
92 0
92 0
92 109170
92 72905
92 72905
92 32268
93 49452
93 918295
93 7403
93 0
93 0
93 0
93 0
93 0
93 0
93 0
93 0
93 0
93 76009
93 543564
93 918295
93 863120
93 0
93 0
93 0
93 152007
93 0
93 0
93 0
93 1000000
93 169584
93 0
93 0
93 0
93 190874
93 170950
93 170950
93 191631
94 3430
94 918295
94 91277
94 48415
94 0
94 0
94 0
94 0
94 0
94 0
94 0
94 0
94 5977
94 25850
94 918295
94 469565
94 0
94 0
94 0
94 2565
94 0
94 0
94 0
94 1000000
94 291691
94 0
94 0
94 0
94 109170
94 321928
94 170950
94 191631
95 16313
95 251629
95 5802
95 190874
95 0
95 0
95 0
95 0
95 0
95 0
95 0
95 0
95 61743
95 199203
95 918295
95 291691
95 0
95 0
95 0
95 2565
95 0
95 0
95 0
95 0
95 5977
95 0
95 0
95 0
95 48415
95 0
95 170950
95 191631
96 242697
96 918295
96 91277
96 316689
96 0
96 0
96 0
96 0
96 0
96 0
96 0
96 0
96 469565
96 137925
96 251629
96 61743
96 0
96 0
96 0
96 24757
96 0
96 0
96 0
96 0
96 61743
96 0
96 0
96 0
96 48415
96 170950
96 72905
96 34851
97 3430
97 251629
97 46439
97 109170
97 0
97 0
97 0
97 0
97 0
97 0
97 0
97 0
97 61743
97 137925
97 251629
97 291691
97 0
97 0
97 0
97 319760
97 0
97 0
97 0
97 0
97 5977
97 0
97 0
97 0
97 190874
97 170950
97 72905
97 91277
98 149761
98 918295
98 256425
98 190874
98 0
98 0
98 0
98 0
98 0
98 0
98 0
98 0
98 291691
98 25850
98 251629
98 5977
98 0
98 0
98 0
98 43068
98 0
98 0
98 0
98 0
98 5977
98 0
98 0
98 0
98 316689
98 72905
98 72905
98 5802
99 51800
99 251629
99 78982
99 109170
99 0
99 0
99 0
99 0
99 0
99 0
99 0
99 0
99 169584
99 56047
99 251629
99 469565
99 0
99 0
99 0
99 2565
99 0
99 0
99 0
99 0
99 5977
99 0
99 0
99 0
99 316689
99 72905
99 170950
99 5802
100 1331
100 918295
100 7403
100 48415
100 0
100 0
100 0
100 0
100 0
100 0
100 0
100 0
100 0
100 92359
100 251629
100 169584
100 0
100 0
100 0
100 2565
100 0
100 0
100 0
100 0
100 169584
100 0
100 0
100 0
100 0
100 170950
100 321928
100 191631
101 16313
101 251629
101 7403
101 0
101 0
101 0
101 0
101 0
101 0
101 0
101 0
101 0
101 169584
101 199203
101 251629
101 61743
101 0
101 0
101 0
101 92888
101 0
101 0
101 0
101 0
101 305958
101 0
101 0
101 0
101 48415
101 321928
101 721928
101 191631
103 1331
103 918295
103 19973
103 48415
103 0
103 0
103 0
103 0
103 0
103 0
103 0
103 0
103 61743
103 199203
103 0
103 5977
103 0
103 0
103 0
103 24757
103 0
103 0
103 0
103 0
103 61743
103 0
103 0
103 0
103 109170
103 170950
103 170950
103 54824
104 149761
104 251629
104 7403
104 109170
104 0
104 0
104 0
104 0
104 0
104 0
104 0
104 0
104 291691
104 56047
104 251629
104 291691
104 0
104 0
104 0
104 224787
104 0
104 0
104 0
104 0
104 5977
104 0
104 0
104 0
104 48415
104 321928
104 321928
104 191631
105 3430
105 251629
105 46439
105 316689
105 0
105 0
105 0
105 0
105 0
105 0
105 0
105 0
105 291691
105 137925
105 251629
105 5977
105 0
105 0
105 0
105 2565
105 0
105 0
105 0
105 0
105 76009
105 0
105 0
105 0
105 48415
105 170950
105 321928
105 281290
106 444771
106 251629
106 5802
106 190874
106 0
106 0
106 0
106 0
106 0
106 0
106 0
106 0
106 61743
106 56047
106 0
106 469565
106 0
106 0
106 0
106 24757
106 0
106 0
106 0
106 0
106 291691
106 0
106 0
106 0
106 190874
106 170950
106 170950
106 191631
107 49452
107 918295
107 91277
107 650022
107 0
107 0
107 0
107 0
107 0
107 0
107 0
107 0
107 0
107 25850
107 0
107 5977
107 0
107 0
107 0
107 224787
107 0
107 0
107 0
107 1000000
107 5977
107 0
107 0
107 0
107 650022
107 321928
107 321928
107 5802
108 72056
108 251629
108 170950
108 48415
108 0
108 0
108 0
108 0
108 0
108 0
108 0
108 0
108 5977
108 25850
108 251629
108 61743
108 0
108 0
108 0
108 24757
108 0
108 0
108 0
108 0
108 5977
108 0
108 0
108 0
108 190874
108 170950
108 321928
108 556779
109 7234
109 918295
109 556779
109 109170
109 0
109 0
109 0
109 0
109 0
109 0
109 0
109 0
109 169584
109 56047
109 251629
109 5977
109 0
109 0
109 0
109 152007
109 0
109 0
109 0
109 0
109 5977
109 0
109 0
109 0
109 48415
109 721928
109 170950
109 5802
110 72056
110 251629
110 7403
110 316689
110 0
110 0
110 0
110 0
110 0
110 0
110 0
110 0
110 469565
110 293564
110 251629
110 61743
110 0
110 0
110 0
110 319760
110 0
110 0
110 0
110 1000000
110 0
110 0
110 0
110 0
110 48415
110 170950
110 321928
110 1617
111 16313
111 918295
111 5802
111 650022
111 0
111 0
111 0
111 0
111 0
111 0
111 0
111 0
111 61743
111 56047
111 251629
111 5977
111 0
111 0
111 0
111 81792
111 0
111 0
111 0
111 0
111 291691
111 0
111 0
111 0
111 109170
111 170950
111 170950
111 54824
112 3430
112 0
112 5802
112 48415
112 0
112 0
112 0
112 0
112 0
112 0
112 0
112 0
112 863120
112 56047
112 251629
112 61743
112 0
112 0
112 0
112 92888
112 0
112 0
112 0
112 1000000
112 76009
112 0
112 0
112 0
112 48415
112 170950
112 170950
112 281290
113 164992
113 0
113 5802
113 190874
113 0
113 0
113 0
113 0
113 0
113 0
113 0
113 0
113 5977
113 92359
113 251629
113 291691
113 0
113 0
113 0
113 81792
113 0
113 0
113 0
113 1000000
113 61743
113 0
113 0
113 0
113 190874
113 321928
113 721928
113 191631
114 1331
114 251629
114 46439
114 109170
114 0
114 0
114 0
114 0
114 0
114 0
114 0
114 0
114 61743
114 92359
114 0
114 469565
114 0
114 0
114 0
114 92888
114 0
114 0
114 0
114 0
114 61743
114 0
114 0
114 0
114 190874
114 321928
114 321928
114 34851
115 299896
115 251629
115 124511
115 650022
115 0
115 0
115 0
115 0
115 0
115 0
115 0
115 0
115 5977
115 92359
115 251629
115 5977
115 0
115 0
115 0
115 2565
115 0
115 0
115 0
115 0
115 169584
115 0
115 0
115 0
115 109170
115 170950
115 0
115 5802
116 7234
116 251629
116 5802
116 190874
116 0
116 0
116 0
116 0
116 0
116 0
116 0
116 0
116 291691
116 56047
116 0
116 469565
116 0
116 0
116 0
116 81792
116 0
116 0
116 0
116 0
116 5977
116 0
116 0
116 0
116 190874
116 170950
116 321928
116 395815
117 7234
117 0
117 5802
117 109170
117 0
117 0
117 0
117 0
117 0
117 0
117 0
117 0
117 61743
117 92359
117 251629
117 5977
117 0
117 0
117 0
117 224787
117 0
117 0
117 0
117 1000000
117 305958
117 0
117 0
117 0
117 190874
117 170950
117 170950
117 281290
118 149761
118 918295
118 609986
118 190874
118 0
118 0
118 0
118 0
118 0
118 0
118 0
118 0
118 76009
118 56047
118 251629
118 61743
118 0
118 0
118 0
118 319760
118 0
118 0
118 0
118 0
118 469565
118 0
118 0
118 0
118 190874
118 170950
118 170950
118 5802
119 51800
119 251629
119 46439
119 190874
119 0
119 0
119 0
119 0
119 0
119 0
119 0
119 0
119 169584
119 56047
119 251629
119 469565
119 0
119 0
119 0
119 2565
119 0
119 0
119 0
119 1000000
119 76009
119 0
119 0
119 0
119 109170
119 321928
119 170950
119 5802
120 49452
120 251629
120 91277
120 109170
120 0
120 0
120 0
120 0
120 0
120 0
120 0
120 0
120 169584
120 56047
120 251629
120 863120
120 0
120 0
120 0
120 152007
120 0
120 0
120 0
120 1000000
120 61743
120 0
120 0
120 0
120 190874
120 72905
120 170950
120 34851
121 3430
121 918295
121 124511
121 48415
121 0
121 0
121 0
121 0
121 0
121 0
121 0
121 0
121 169584
121 92359
121 251629
121 469565
121 0
121 0
121 0
121 319760
121 0
121 0
121 0
121 0
121 469565
121 0
121 0
121 0
121 190874
121 321928
121 0
121 5802
122 3430
122 251629
122 5802
122 109170
122 0
122 0
122 0
122 0
122 0
122 0
122 0
122 0
122 305958
122 199203
122 251629
122 76009
122 0
122 0
122 0
122 24757
122 0
122 0
122 0
122 1000000
122 5977
122 0
122 0
122 0
122 109170
122 321928
122 321928
122 34851
123 16313
123 0
123 321928
123 109170
123 0
123 0
123 0
123 0
123 0
123 0
123 0
123 0
123 61743
123 137925
123 251629
123 291691
123 0
123 0
123 0
123 24757
123 0
123 0
123 0
123 0
123 305958
123 0
123 0
123 0
123 0
123 321928
123 321928
123 281290
124 311323
124 251629
124 0
124 190874
124 0
124 0
124 0
124 0
124 0
124 0
124 0
124 0
124 291691
124 56047
124 0
124 469565
124 0
124 0
124 0
124 92888
124 0
124 0
124 0
124 0
124 169584
124 0
124 0
124 0
124 109170
124 321928
124 721928
124 1617
125 3430
125 918295
125 78982
125 190874
125 0
125 0
125 0
125 0
125 0
125 0
125 0
125 0
125 61743
125 199203
125 0
125 169584
125 0
125 0
125 0
125 24757
125 0
125 0
125 0
125 0
125 5977
125 0
125 0
125 0
125 109170
125 321928
125 321928
125 32268
126 7234
126 251629
126 7403
126 109170
126 0
126 0
126 0
126 0
126 0
126 0
126 0
126 0
126 169584
126 92359
126 251629
126 169584
126 0
126 0
126 0
126 24757
126 0
126 0
126 0
126 1000000
126 305958
126 0
126 0
126 0
126 48415
126 170950
126 170950
126 191631
127 51800
127 251629
127 91277
127 48415
127 0
127 0
127 0
127 0
127 0
127 0
127 0
127 0
127 76009
127 92359
127 251629
127 291691
127 0
127 0
127 0
127 2565
127 0
127 0
127 0
127 0
127 5977
127 0
127 0
127 0
127 48415
127 321928
127 72905
127 191631
128 51800
128 918295
128 78982
128 48415
128 0
128 0
128 0
128 0
128 0
128 0
128 0
128 0
128 61743
128 25850
128 251629
128 169584
128 0
128 0
128 0
128 2565
128 0
128 0
128 0
128 0
128 169584
128 0
128 0
128 0
128 109170
128 72905
128 170950
128 5802
129 183149
129 251629
129 321928
129 109170
129 0
129 0
129 0
129 0
129 0
129 0
129 0
129 0
129 5977
129 56047
129 918295
129 76009
129 0
129 0
129 0
129 152007
129 0
129 0
129 0
129 0
129 863120
129 0
129 0
129 0
129 48415
129 72905
129 321928
129 191631
130 3430
130 251629
130 7403
130 109170
130 0
130 0
130 0
130 0
130 0
130 0
130 0
130 0
130 469565
130 137925
130 251629
130 469565
130 0
130 0
130 0
130 458105
130 0
130 0
130 0
130 0
130 61743
130 0
130 0
130 0
130 190874
130 321928
130 0
130 1617
131 164992
131 251629
131 170950
131 109170
131 0
131 0
131 0
131 0
131 0
131 0
131 0
131 0
131 5977
131 25850
131 0
131 5977
131 0
131 0
131 0
131 24757
131 0
131 0
131 0
131 1000000
131 61743
131 0
131 0
131 0
131 316689
131 170950
131 72905
131 32268
132 149761
132 918295
132 124511
132 190874
132 0
132 0
132 0
132 0
132 0
132 0
132 0
132 0
132 5977
132 0
132 918295
132 61743
132 0
132 0
132 0
132 2565
132 0
132 0
132 0
132 0
132 61743
132 0
132 0
132 0
132 316689
132 170950
132 721928
132 91277
133 51800
133 251629
133 170950
133 109170
133 0
133 0
133 0
133 0
133 0
133 0
133 0
133 0
133 5977
133 56047
133 918295
133 863120
133 0
133 0
133 0
133 281036
133 0
133 0
133 0
133 0
133 61743
133 0
133 0
133 0
133 0
133 72905
133 72905
133 117743
134 16313
134 918295
134 46439
134 190874
134 0
134 0
134 0
134 0
134 0
134 0
134 0
134 0
134 76009
134 199203
134 251629
134 5977
134 0
134 0
134 0
134 319760
134 0
134 0
134 0
134 0
134 61743
134 0
134 0
134 0
134 190874
134 321928
134 170950
134 5802
135 7234
135 251629
135 7403
135 48415
135 0
135 0
135 0
135 0
135 0
135 0
135 0
135 0
135 5977
135 56047
135 0
135 61743
135 0
135 0
135 0
135 24757
135 0
135 0
135 0
135 0
135 61743
135 0
135 0
135 0
135 48415
135 170950
135 72905
135 395815
136 7234
136 251629
136 91277
136 48415
136 0
136 0
136 0
136 0
136 0
136 0
136 0
136 0
136 469565
136 92359
136 0
136 863120
136 0
136 0
136 0
136 2565
136 0
136 0
136 0
136 0
136 76009
136 0
136 0
136 0
136 48415
136 72905
136 170950
136 395815
137 299896
137 251629
137 7403
137 190874
137 0
137 0
137 0
137 0
137 0
137 0
137 0
137 0
137 5977
137 137925
137 0
137 61743
137 0
137 0
137 0
137 2565
137 0
137 0
137 0
137 0
137 61743
137 0
137 0
137 0
137 316689
137 170950
137 321928
137 34851
138 299896
138 251629
138 5802
138 190874
138 0
138 0
138 0
138 0
138 0
138 0
138 0
138 0
138 169584
138 199203
138 0
138 169584
138 0
138 0
138 0
138 319760
138 0
138 0
138 0
138 1000000
138 5977
138 0
138 0
138 0
138 316689
138 721928
138 321928
138 34851
139 7234
139 251629
139 0
139 109170
139 0
139 0
139 0
139 0
139 0
139 0
139 0
139 0
139 61743
139 293564
139 251629
139 5977
139 0
139 0
139 0
139 2565
139 0
139 0
139 0
139 1000000
139 5977
139 0
139 0
139 0
139 48415
139 321928
139 72905
139 54824
140 164992
140 251629
140 5802
140 48415
140 0
140 0
140 0
140 0
140 0
140 0
140 0
140 0
140 469565
140 92359
140 918295
140 5977
140 0
140 0
140 0
140 224787
140 0
140 0
140 0
140 1000000
140 5977
140 0
140 0
140 0
140 48415
140 72905
140 321928
140 32268
141 3430
141 0
141 91277
141 190874
141 0
141 0
141 0
141 0
141 0
141 0
141 0
141 0
141 291691
141 92359
141 918295
141 61743
141 0
141 0
141 0
141 2565
141 0
141 0
141 0
141 0
141 5977
141 0
141 0
141 0
141 48415
141 321928
141 0
141 32268
142 444771
142 0
142 91277
142 109170
142 0
142 0
142 0
142 0
142 0
142 0
142 0
142 0
142 291691
142 56047
142 0
142 469565
142 0
142 0
142 0
142 152007
142 0
142 0
142 0
142 0
142 469565
142 0
142 0
142 0
142 48415
142 170950
142 170950
142 34851
143 7234
143 918295
143 19973
143 190874
143 0
143 0
143 0
143 0
143 0
143 0
143 0
143 0
143 61743
143 92359
143 251629
143 305958
143 0
143 0
143 0
143 2565
143 0
143 0
143 0
143 1000000
143 5977
143 0
143 0
143 0
143 190874
143 721928
143 321928
143 191631
144 72056
144 918295
144 144484
144 48415
144 0
144 0
144 0
144 0
144 0
144 0
144 0
144 0
144 5977
144 92359
144 918295
144 469565
144 0
144 0
144 0
144 81792
144 0
144 0
144 0
144 0
144 291691
144 0
144 0
144 0
144 0
144 170950
144 321928
144 281290
145 51800
145 918295
145 91277
145 316689
145 0
145 0
145 0
145 0
145 0
145 0
145 0
145 0
145 291691
145 137925
145 918295
145 291691
145 0
145 0
145 0
145 152007
145 0
145 0
145 0
145 0
145 76009
145 0
145 0
145 0
145 650022
145 321928
145 321928
145 191631
146 51800
146 251629
146 5802
146 316689
146 0
146 0
146 0
146 0
146 0
146 0
146 0
146 0
146 76009
146 137925
146 918295
146 291691
146 0
146 0
146 0
146 152007
146 0
146 0
146 0
146 0
146 61743
146 0
146 0
146 0
146 650022
146 321928
146 170950
146 281290
147 7234
147 918295
147 321928
147 48415
147 0
147 0
147 0
147 0
147 0
147 0
147 0
147 0
147 169584
147 56047
147 251629
147 291691
147 0
147 0
147 0
147 2565
147 0
147 0
147 0
147 1000000
147 5977
147 0
147 0
147 0
147 48415
147 170950
147 170950
147 5802
148 72056
148 918295
148 7403
148 316689
148 0
148 0
148 0
148 0
148 0
148 0
148 0
148 0
148 291691
148 56047
148 0
148 61743
148 0
148 0
148 0
148 92888
148 0
148 0
148 0
148 1000000
148 5977
148 0
148 0
148 0
148 650022
148 321928
148 721928
148 54824
149 7234
149 251629
149 321928
149 190874
149 0
149 0
149 0
149 0
149 0
149 0
149 0
149 0
149 169584
149 92359
149 251629
149 5977
149 0
149 0
149 0
149 152007
149 0
149 0
149 0
149 1000000
149 5977
149 0
149 0
149 0
149 48415
149 72905
149 321928
149 5802
150 16313
150 251629
150 170950
150 190874
150 0
150 0
150 0
150 0
150 0
150 0
150 0
150 0
150 61743
150 92359
150 918295
150 291691
150 0
150 0
150 0
150 2565
150 0
150 0
150 0
150 0
150 0
150 0
150 0
150 0
150 190874
150 170950
150 170950
150 91277
151 3430
151 251629
151 19973
151 48415
151 0
151 0
151 0
151 0
151 0
151 0
151 0
151 0
151 76009
151 137925
151 918295
151 5977
151 0
151 0
151 0
151 24757
151 0
151 0
151 0
151 1000000
151 291691
151 0
151 0
151 0
151 190874
151 170950
151 72905
151 191631
152 72056
152 251629
152 5802
152 190874
152 0
152 0
152 0
152 0
152 0
152 0
152 0
152 0
152 5977
152 92359
152 0
152 61743
152 0
152 0
152 0
152 224787
152 0
152 0
152 0
152 0
152 76009
152 0
152 0
152 0
152 190874
152 72905
152 170950
152 91277
153 3430
153 251629
153 91277
153 190874
153 0
153 0
153 0
153 0
153 0
153 0
153 0
153 0
153 76009
153 137925
153 251629
153 76009
153 0
153 0
153 0
153 92888
153 0
153 0
153 0
153 0
153 5977
153 0
153 0
153 0
153 0
153 170950
153 72905
153 5802
154 149761
154 251629
154 5802
154 109170
154 0
154 0
154 0
154 0
154 0
154 0
154 0
154 0
154 169584
154 56047
154 251629
154 469565
154 0
154 0
154 0
154 24757
154 0
154 0
154 0
154 0
154 291691
154 0
154 0
154 0
154 316689
154 321928
154 170950
154 281290
155 311323
155 0
155 144484
155 109170
155 0
155 0
155 0
155 0
155 0
155 0
155 0
155 0
155 5977
155 137925
155 251629
155 61743
155 0
155 0
155 0
155 319760
155 0
155 0
155 0
155 0
155 5977
155 0
155 0
155 0
155 109170
155 72905
155 321928
155 281290
156 84939
156 0
156 256425
156 190874
156 0
156 0
156 0
156 0
156 0
156 0
156 0
156 0
156 76009
156 293564
156 251629
156 169584
156 0
156 0
156 0
156 43068
156 0
156 0
156 0
156 1000000
156 291691
156 0
156 0
156 0
156 650022
156 321928
156 170950
156 91277
157 16313
157 0
157 0
157 190874
157 0
157 0
157 0
157 0
157 0
157 0
157 0
157 0
157 5977
157 137925
157 0
157 169584
157 0
157 0
157 0
157 319760
157 0
157 0
157 0
157 1000000
157 76009
157 0
157 0
157 0
157 190874
157 170950
157 170950
157 117743
158 7234
158 251629
158 256425
158 190874
158 0
158 0
158 0
158 0
158 0
158 0
158 0
158 0
158 76009
158 56047
158 251629
158 291691
158 0
158 0
158 0
158 92888
158 0
158 0
158 0
158 1000000
158 469565
158 0
158 0
158 0
158 109170
158 170950
158 0
158 34851
159 7234
159 0
159 19973
159 109170
159 0
159 0
159 0
159 0
159 0
159 0
159 0
159 0
159 5977
159 137925
159 251629
159 61743
159 0
159 0
159 0
159 319760
159 0
159 0
159 0
159 1000000
159 169584
159 0
159 0
159 0
159 109170
159 170950
159 0
159 34851
160 1331
160 251629
160 5802
160 48415
160 0
160 0
160 0
160 0
160 0
160 0
160 0
160 0
160 169584
160 293564
160 251629
160 5977
160 0
160 0
160 0
160 92888
160 0
160 0
160 0
160 1000000
160 5977
160 0
160 0
160 0
160 109170
160 170950
160 321928
160 1617
161 72056
161 918295
161 91277
161 316689
161 0
161 0
161 0
161 0
161 0
161 0
161 0
161 0
161 0
161 92359
161 0
161 5977
161 0
161 0
161 0
161 81792
161 0
161 0
161 0
161 0
161 5977
161 0
161 0
161 0
161 0
161 72905
161 321928
161 395815
162 72056
162 918295
162 970950
162 190874
162 0
162 0
162 0
162 0
162 0
162 0
162 0
162 0
162 76009
162 199203
162 251629
162 5977
162 0
162 0
162 0
162 764204
162 0
162 0
162 0
162 1000000
162 291691
162 0
162 0
162 0
162 316689
162 321928
162 721928
162 191631
163 16313
163 918295
163 281290
163 190874
163 0
163 0
163 0
163 0
163 0
163 0
163 0
163 0
163 76009
163 92359
163 918295
163 169584
163 0
163 0
163 0
163 152007
163 0
163 0
163 0
163 0
163 5977
163 0
163 0
163 0
163 109170
163 72905
163 170950
163 191631
164 16313
164 251629
164 144484
164 109170
164 0
164 0
164 0
164 0
164 0
164 0
164 0
164 0
164 305958
164 137925
164 251629
164 469565
164 0
164 0
164 0
164 2565
164 0
164 0
164 0
164 0
164 76009
164 0
164 0
164 0
164 48415
164 72905
164 321928
164 191631
165 49452
165 0
165 124511
165 190874
165 0
165 0
165 0
165 0
165 0
165 0
165 0
165 0
165 169584
165 92359
165 251629
165 61743
165 0
165 0
165 0
165 152007
165 0
165 0
165 0
165 0
165 5977
165 0
165 0
165 0
165 316689
165 721928
165 721928
165 281290
166 183149
166 918295
166 281290
166 190874
166 0
166 0
166 0
166 0
166 0
166 0
166 0
166 0
166 0
166 293564
166 0
166 169584
166 0
166 0
166 0
166 24757
166 0
166 0
166 0
166 1000000
166 291691
166 0
166 0
166 0
166 316689
166 170950
166 170950
166 5802
167 16313
167 251629
167 19973
167 109170
167 0
167 0
167 0
167 0
167 0
167 0
167 0
167 0
167 76009
167 137925
167 251629
167 76009
167 0
167 0
167 0
167 43068
167 0
167 0
167 0
167 0
167 863120
167 0
167 0
167 0
167 0
167 321928
167 321928
167 117743
168 7234
168 0
168 281290
168 109170
168 0
168 0
168 0
168 0
168 0
168 0
168 0
168 0
168 169584
168 92359
168 0
168 61743
168 0
168 0
168 0
168 152007
168 0
168 0
168 0
168 0
168 5977
168 0
168 0
168 0
168 109170
168 72905
168 72905
168 5802
169 16313
169 0
169 5802
169 316689
169 0
169 0
169 0
169 0
169 0
169 0
169 0
169 0
169 76009
169 293564
169 0
169 0
169 0
169 0
169 0
169 152007
169 0
169 0
169 0
169 1000000
169 5977
169 0
169 0
169 0
169 316689
169 321928
169 321928
169 91277
170 49452
170 251629
170 556779
170 316689
170 0
170 0
170 0
170 0
170 0
170 0
170 0
170 0
170 76009
170 137925
170 251629
170 291691
170 0
170 0
170 0
170 2565
170 0
170 0
170 0
170 0
170 5977
170 0
170 0
170 0
170 0
170 72905
170 321928
170 281290
171 299896
171 918295
171 256425
171 109170
171 0
171 0
171 0
171 0
171 0
171 0
171 0
171 0
171 169584
171 92359
171 918295
171 169584
171 0
171 0
171 0
171 2565
171 0
171 0
171 0
171 0
171 61743
171 0
171 0
171 0
171 0
171 72905
171 321928
171 117743
172 242697
172 918295
172 46439
172 48415
172 0
172 0
172 0
172 0
172 0
172 0
172 0
172 0
172 76009
172 25850
172 0
172 291691
172 0
172 0
172 0
172 2565
172 0
172 0
172 0
172 0
172 169584
172 0
172 0
172 0
172 48415
172 170950
172 72905
172 117743
173 164992
173 918295
173 170950
173 48415
173 0
173 0
173 0
173 0
173 0
173 0
173 0
173 0
173 169584
173 0
173 0
173 0
173 0
173 0
173 0
173 152007
173 0
173 0
173 0
173 1000000
173 61743
173 0
173 0
173 0
173 109170
173 321928
173 321928
173 5802
174 7234
174 251629
174 256425
174 316689
174 0
174 0
174 0
174 0
174 0
174 0
174 0
174 0
174 5977
174 137925
174 251629
174 305958
174 0
174 0
174 0
174 2565
174 0
174 0
174 0
174 0
174 169584
174 0
174 0
174 0
174 190874
174 321928
174 721928
174 191631
175 3430
175 251629
175 5802
175 650022
175 0
175 0
175 0
175 0
175 0
175 0
175 0
175 0
175 5977
175 92359
175 0
175 469565
175 0
175 0
175 0
175 2565
175 0
175 0
175 0
175 1000000
175 5977
175 0
175 0
175 0
175 316689
175 721928
175 170950
175 1617
176 16313
176 251629
176 5802
176 0
176 0
176 0
176 0
176 0
176 0
176 0
176 0
176 0
176 169584
176 25850
176 0
176 5977
176 0
176 0
176 0
176 152007
176 0
176 0
176 0
176 1000000
176 76009
176 0
176 0
176 0
176 190874
176 170950
176 170950
176 34851
177 16313
177 251629
177 170950
177 316689
177 0
177 0
177 0
177 0
177 0
177 0
177 0
177 0
177 291691
177 56047
177 0
177 61743
177 0
177 0
177 0
177 81792
177 0
177 0
177 0
177 0
177 61743
177 0
177 0
177 0
177 48415
177 0
177 170950
177 191631
178 3430
178 0
178 5802
178 190874
178 0
178 0
178 0
178 0
178 0
178 0
178 0
178 0
178 305958
178 92359
178 918295
178 61743
178 0
178 0
178 0
178 81792
178 0
178 0
178 0
178 0
178 5977
178 0
178 0
178 0
178 190874
178 321928
178 721928
178 395815
179 1331
179 918295
179 0
179 109170
179 0
179 0
179 0
179 0
179 0
179 0
179 0
179 0
179 61743
179 92359
179 251629
179 5977
179 0
179 0
179 0
179 224787
179 0
179 0
179 0
179 0
179 5977
179 0
179 0
179 0
179 48415
179 170950
179 72905
179 34851
180 7234
180 918295
180 5802
180 190874
180 0
180 0
180 0
180 0
180 0
180 0
180 0
180 0
180 5977
180 199203
180 918295
180 291691
180 0
180 0
180 0
180 152007
180 0
180 0
180 0
180 1000000
180 76009
180 0
180 0
180 0
180 190874
180 72905
180 72905
180 281290
181 3430
181 251629
181 19973
181 109170
181 0
181 0
181 0
181 0
181 0
181 0
181 0
181 0
181 5977
181 92359
181 918295
181 469565
181 0
181 0
181 0
181 2565
181 0
181 0
181 0
181 1000000
181 169584
181 0
181 0
181 0
181 48415
181 321928
181 0
181 5802
182 72056
182 918295
182 124511
182 48415
182 0
182 0
182 0
182 0
182 0
182 0
182 0
182 0
182 5977
182 92359
182 251629
182 5977
182 0
182 0
182 0
182 2565
182 0
182 0
182 0
182 0
182 76009
182 0
182 0
182 0
182 109170
182 321928
182 170950
182 34851
184 7234
184 251629
184 91277
184 109170
184 0
184 0
184 0
184 0
184 0
184 0
184 0
184 0
184 291691
184 137925
184 918295
184 469565
184 0
184 0
184 0
184 2565
184 0
184 0
184 0
184 0
184 169584
184 0
184 0
184 0
184 109170
184 72905
184 721928
184 556779
185 49452
185 918295
185 46439
185 316689
185 0
185 0
185 0
185 0
185 0
185 0
185 0
185 0
185 5977
185 137925
185 251629
185 5977
185 0
185 0
185 0
185 152007
185 0
185 0
185 0
185 1000000
185 5977
185 0
185 0
185 0
185 650022
185 170950
185 170950
185 1617
186 49452
186 251629
186 7403
186 48415
186 0
186 0
186 0
186 0
186 0
186 0
186 0
186 0
186 291691
186 137925
186 251629
186 5977
186 0
186 0
186 0
186 2565
186 0
186 0
186 0
186 1000000
186 61743
186 0
186 0
186 0
186 190874
186 721928
186 72905
186 1617
187 49452
187 0
187 78982
187 48415
187 0
187 0
187 0
187 0
187 0
187 0
187 0
187 0
187 291691
187 199203
187 0
187 5977
187 0
187 0
187 0
187 2565
187 0
187 0
187 0
187 0
187 5977
187 0
187 0
187 0
187 109170
187 321928
187 72905
187 395815
188 7234
188 918295
188 19973
188 190874
188 0
188 0
188 0
188 0
188 0
188 0
188 0
188 0
188 291691
188 25850
188 0
188 305958
188 0
188 0
188 0
188 2565
188 0
188 0
188 0
188 0
188 76009
188 0
188 0
188 0
188 316689
188 170950
188 170950
188 91277
189 1331
189 251629
189 91277
189 316689
189 0
189 0
189 0
189 0
189 0
189 0
189 0
189 0
189 291691
189 137925
189 0
189 5977
189 0
189 0
189 0
189 319760
189 0
189 0
189 0
189 1000000
189 5977
189 0
189 0
189 0
189 190874
189 321928
189 170950
189 117743
190 3430
190 251629
190 19973
190 109170
190 0
190 0
190 0
190 0
190 0
190 0
190 0
190 0
190 5977
190 92359
190 251629
190 469565
190 0
190 0
190 0
190 224787
190 0
190 0
190 0
190 0
190 61743
190 0
190 0
190 0
190 48415
190 170950
190 321928
190 54824
191 7234
191 918295
191 46439
191 0
191 0
191 0
191 0
191 0
191 0
191 0
191 0
191 0
191 5977
191 293564
191 251629
191 61743
191 0
191 0
191 0
191 43068
191 0
191 0
191 0
191 1000000
191 76009
191 0
191 0
191 0
191 0
191 72905
191 321928
191 395815
192 1331
192 918295
192 321928
192 109170
192 0
192 0
192 0
192 0
192 0
192 0
192 0
192 0
192 169584
192 293564
192 251629
192 291691
192 0
192 0
192 0
192 319760
192 0
192 0
192 0
192 1000000
192 5977
192 0
192 0
192 0
192 316689
192 170950
192 321928
192 5802
193 72056
193 918295
193 124511
193 316689
193 0
193 0
193 0
193 0
193 0
193 0
193 0
193 0
193 61743
193 137925
193 251629
193 469565
193 0
193 0
193 0
193 24757
193 0
193 0
193 0
193 0
193 5977
193 0
193 0
193 0
193 190874
193 170950
193 721928
193 91277
194 183149
194 251629
194 124511
194 316689
194 0
194 0
194 0
194 0
194 0
194 0
194 0
194 0
194 61743
194 137925
194 251629
194 863120
194 0
194 0
194 0
194 24757
194 0
194 0
194 0
194 0
194 5977
194 0
194 0
194 0
194 109170
194 170950
194 721928
194 1617
195 183149
195 0
195 46439
195 190874
195 0
195 0
195 0
195 0
195 0
195 0
195 0
195 0
195 76009
195 137925
195 251629
195 61743
195 0
195 0
195 0
195 24757
195 0
195 0
195 0
195 0
195 169584
195 0
195 0
195 0
195 190874
195 321928
195 170950
195 117743
196 51800
196 251629
196 0
196 109170
196 0
196 0
196 0
196 0
196 0
196 0
196 0
196 0
196 169584
196 56047
196 0
196 76009
196 0
196 0
196 0
196 2565
196 0
196 0
196 0
196 0
196 169584
196 0
196 0
196 0
196 316689
196 321928
196 72905
196 5802
197 3430
197 918295
197 5802
197 109170
197 0
197 0
197 0
197 0
197 0
197 0
197 0
197 0
197 5977
197 199203
197 918295
197 469565
197 0
197 0
197 0
197 2565
197 0
197 0
197 0
197 1000000
197 169584
197 0
197 0
197 0
197 109170
197 170950
197 170950
197 281290
198 299896
198 918295
198 321928
198 316689
198 0
198 0
198 0
198 0
198 0
198 0
198 0
198 0
198 61743
198 56047
198 251629
198 469565
198 0
198 0
198 0
198 92888
198 0
198 0
198 0
198 0
198 291691
198 0
198 0
198 0
198 190874
198 170950
198 321928
198 117743
199 72056
199 251629
199 91277
199 190874
199 0
199 0
199 0
199 0
199 0
199 0
199 0
199 0
199 5977
199 137925
199 918295
199 76009
199 0
199 0
199 0
199 2565
199 0
199 0
199 0
199 1000000
199 0
199 0
199 0
199 0
199 316689
199 170950
199 72905
199 5802
200 7234
200 0
200 91277
200 48415
200 0
200 0
200 0
200 0
200 0
200 0
200 0
200 0
200 5977
200 137925
200 251629
200 61743
200 0
200 0
200 0
200 43068
200 0
200 0
200 0
200 0
200 5977
200 0
200 0
200 0
200 0
200 72905
200 321928
200 1617
201 7234
201 251629
201 124511
201 48415
201 0
201 0
201 0
201 0
201 0
201 0
201 0
201 0
201 169584
201 25850
201 0
201 305958
201 0
201 0
201 0
201 43068
201 0
201 0
201 0
201 0
201 61743
201 0
201 0
201 0
201 48415
201 170950
201 170950
201 193506
202 51800
202 251629
202 5802
202 48415
202 0
202 0
202 0
202 0
202 0
202 0
202 0
202 0
202 169584
202 56047
202 251629
202 291691
202 0
202 0
202 0
202 2565
202 0
202 0
202 0
202 0
202 169584
202 0
202 0
202 0
202 0
202 170950
202 170950
202 191631
203 49452
203 251629
203 170950
203 48415
203 0
203 0
203 0
203 0
203 0
203 0
203 0
203 0
203 0
203 56047
203 251629
203 169584
203 0
203 0
203 0
203 224787
203 0
203 0
203 0
203 0
203 169584
203 0
203 0
203 0
203 0
203 72905
203 721928
203 191631
204 7234
204 251629
204 46439
204 109170
204 0
204 0
204 0
204 0
204 0
204 0
204 0
204 0
204 61743
204 137925
204 918295
204 5977
204 0
204 0
204 0
204 319760
204 0
204 0
204 0
204 0
204 5977
204 0
204 0
204 0
204 190874
204 170950
204 170950
204 281290
205 72056
205 918295
205 7403
205 316689
205 0
205 0
205 0
205 0
205 0
205 0
205 0
205 0
205 169584
205 137925
205 251629
205 61743
205 0
205 0
205 0
205 152007
205 0
205 0
205 0
205 0
205 76009
205 0
205 0
205 0
205 48415
205 72905
205 170950
205 191631
206 7234
206 251629
206 281290
206 109170
206 0
206 0
206 0
206 0
206 0
206 0
206 0
206 0
206 5977
206 25850
206 0
206 305958
206 0
206 0
206 0
206 2565
206 0
206 0
206 0
206 1000000
206 5977
206 0
206 0
206 0
206 109170
206 72905
206 321928
206 191631
207 3430
207 918295
207 124511
207 190874
207 0
207 0
207 0
207 0
207 0
207 0
207 0
207 0
207 305958
207 137925
207 918295
207 291691
207 0
207 0
207 0
207 24757
207 0
207 0
207 0
207 1000000
207 291691
207 0
207 0
207 0
207 48415
207 321928
207 72905
207 34851
208 16313
208 251629
208 609986
208 48415
208 0
208 0
208 0
208 0
208 0
208 0
208 0
208 0
208 291691
208 56047
208 251629
208 863120
208 0
208 0
208 0
208 24757
208 0
208 0
208 0
208 1000000
208 76009
208 0
208 0
208 0
208 316689
208 321928
208 72905
208 5802
209 149761
209 251629
209 170950
209 316689
209 0
209 0
209 0
209 0
209 0
209 0
209 0
209 0
209 5977
209 199203
209 918295
209 291691
209 0
209 0
209 0
209 319760
209 0
209 0
209 0
209 0
209 291691
209 0
209 0
209 0
209 190874
209 321928
209 321928
209 1617
210 3430
210 918295
210 0
210 190874
210 0
210 0
210 0
210 0
210 0
210 0
210 0
210 0
210 5977
210 92359
210 0
210 305958
210 0
210 0
210 0
210 2565
210 0
210 0
210 0
210 0
210 291691
210 0
210 0
210 0
210 109170
210 170950
210 170950
210 281290
211 149761
211 251629
211 7403
211 109170
211 0
211 0
211 0
211 0
211 0
211 0
211 0
211 0
211 61743
211 25850
211 251629
211 5977
211 0
211 0
211 0
211 319760
211 0
211 0
211 0
211 1000000
211 169584
211 0
211 0
211 0
211 190874
211 321928
211 321928
211 91277
212 72056
212 251629
212 256425
212 109170
212 0
212 0
212 0
212 0
212 0
212 0
212 0
212 0
212 61743
212 137925
212 251629
212 291691
212 0
212 0
212 0
212 92888
212 0
212 0
212 0
212 1000000
212 5977
212 0
212 0
212 0
212 190874
212 170950
212 170950
212 91277
213 444771
213 918295
213 46439
213 109170
213 0
213 0
213 0
213 0
213 0
213 0
213 0
213 0
213 169584
213 137925
213 251629
213 5977
213 0
213 0
213 0
213 2565
213 0
213 0
213 0
213 1000000
213 61743
213 0
213 0
213 0
213 48415
213 321928
213 170950
213 5802
214 1331
214 0
214 19973
214 48415
214 0
214 0
214 0
214 0
214 0
214 0
214 0
214 0
214 305958
214 293564
214 251629
214 5977
214 0
214 0
214 0
214 224787
214 0
214 0
214 0
214 1000000
214 169584
214 0
214 0
214 0
214 316689
214 321928
214 170950
214 34851
215 49452
215 251629
215 19973
215 109170
215 0
215 0
215 0
215 0
215 0
215 0
215 0
215 0
215 5977
215 199203
215 251629
215 5977
215 0
215 0
215 0
215 224787
215 0
215 0
215 0
215 1000000
215 291691
215 0
215 0
215 0
215 109170
215 321928
215 721928
215 281290
216 72056
216 251629
216 19973
216 316689
216 0
216 0
216 0
216 0
216 0
216 0
216 0
216 0
216 61743
216 92359
216 0
216 76009
216 0
216 0
216 0
216 92888
216 0
216 0
216 0
216 0
216 469565
216 0
216 0
216 0
216 650022
216 170950
216 170950
216 32268
218 149761
218 251629
218 5802
218 650022
218 0
218 0
218 0
218 0
218 0
218 0
218 0
218 0
218 61743
218 199203
218 251629
218 291691
218 0
218 0
218 0
218 224787
218 0
218 0
218 0
218 0
218 291691
218 0
218 0
218 0
218 0
218 72905
218 721928
218 117743
219 51800
219 251629
219 46439
219 48415
219 0
219 0
219 0
219 0
219 0
219 0
219 0
219 0
219 5977
219 92359
219 0
219 61743
219 0
219 0
219 0
219 24757
219 0
219 0
219 0
219 0
219 469565
219 0
219 0
219 0
219 109170
219 321928
219 170950
219 281290
220 16313
220 251629
220 0
220 190874
220 0
220 0
220 0
220 0
220 0
220 0
220 0
220 0
220 169584
220 56047
220 918295
220 5977
220 0
220 0
220 0
220 152007
220 0
220 0
220 0
220 0
220 5977
220 0
220 0
220 0
220 316689
220 72905
220 0
220 5802
221 311323
221 251629
221 46439
221 0
221 0
221 0
221 0
221 0
221 0
221 0
221 0
221 0
221 5977
221 543564
221 918295
221 291691
221 0
221 0
221 0
221 43068
221 0
221 0
221 0
221 0
221 61743
221 0
221 0
221 0
221 316689
221 321928
221 321928
221 5802
222 7234
222 251629
222 321928
222 48415
222 0
222 0
222 0
222 0
222 0
222 0
222 0
222 0
222 5977
222 92359
222 251629
222 169584
222 0
222 0
222 0
222 2565
222 0
222 0
222 0
222 1000000
222 61743
222 0
222 0
222 0
222 0
222 170950
222 72905
222 281290
223 444771
223 918295
223 19973
223 109170
223 0
223 0
223 0
223 0
223 0
223 0
223 0
223 0
223 305958
223 92359
223 251629
223 169584
223 0
223 0
223 0
223 24757
223 0
223 0
223 0
223 0
223 5977
223 0
223 0
223 0
223 190874
223 170950
223 72905
223 281290
224 3430
224 251629
224 5802
224 109170
224 0
224 0
224 0
224 0
224 0
224 0
224 0
224 0
224 169584
224 137925
224 0
224 61743
224 0
224 0
224 0
224 2565
224 0
224 0
224 0
224 0
224 5977
224 0
224 0
224 0
224 109170
224 321928
224 170950
224 395815
225 7234
225 251629
225 46439
225 48415
225 0
225 0
225 0
225 0
225 0
225 0
225 0
225 0
225 61743
225 293564
225 918295
225 5977
225 0
225 0
225 0
225 92888
225 0
225 0
225 0
225 1000000
225 169584
225 0
225 0
225 0
225 190874
225 170950
225 72905
225 5802
226 84939
226 251629
226 46439
226 190874
226 0
226 0
226 0
226 0
226 0
226 0
226 0
226 0
226 5977
226 92359
226 0
226 5977
226 0
226 0
226 0
226 92888
226 0
226 0
226 0
226 0
226 291691
226 0
226 0
226 0
226 48415
226 170950
226 170950
226 54824
227 149761
227 0
227 5802
227 109170
227 0
227 0
227 0
227 0
227 0
227 0
227 0
227 0
227 291691
227 92359
227 0
227 169584
227 0
227 0
227 0
227 152007
227 0
227 0
227 0
227 1000000
227 169584
227 0
227 0
227 0
227 190874
227 321928
227 170950
227 32268
228 3430
228 251629
228 7403
228 0
228 0
228 0
228 0
228 0
228 0
228 0
228 0
228 0
228 169584
228 137925
228 251629
228 5977
228 0
228 0
228 0
228 2565
228 0
228 0
228 0
228 0
228 0
228 0
228 0
228 0
228 109170
228 170950
228 170950
228 1617
229 7234
229 918295
229 19973
229 316689
229 0
229 0
229 0
229 0
229 0
229 0
229 0
229 0
229 61743
229 137925
229 0
229 291691
229 0
229 0
229 0
229 2565
229 0
229 0
229 0
229 1000000
229 291691
229 0
229 0
229 0
229 190874
229 321928
229 170950
229 32268
230 72056
230 251629
230 7403
230 650022
230 0
230 0
230 0
230 0
230 0
230 0
230 0
230 0
230 61743
230 293564
230 0
230 5977
230 0
230 0
230 0
230 24757
230 0
230 0
230 0
230 0
230 5977
230 0
230 0
230 0
230 190874
230 0
230 321928
230 32268
231 299896
231 0
231 7403
231 109170
231 0
231 0
231 0
231 0
231 0
231 0
231 0
231 0
231 169584
231 92359
231 0
231 61743
231 0
231 0
231 0
231 81792
231 0
231 0
231 0
231 0
231 61743
231 0
231 0
231 0
231 109170
231 170950
231 321928
231 1617
232 149761
232 251629
232 19973
232 190874
232 0
232 0
232 0
232 0
232 0
232 0
232 0
232 0
232 76009
232 92359
232 0
232 863120
232 0
232 0
232 0
232 81792
232 0
232 0
232 0
232 0
232 5977
232 0
232 0
232 0
232 316689
232 170950
232 321928
232 281290
233 183149
233 251629
233 46439
233 109170
233 0
233 0
233 0
233 0
233 0
233 0
233 0
233 0
233 0
233 92359
233 251629
233 291691
233 0
233 0
233 0
233 81792
233 0
233 0
233 0
233 0
233 61743
233 0
233 0
233 0
233 109170
233 72905
233 321928
233 1617
234 3430
234 918295
234 19973
234 109170
234 0
234 0
234 0
234 0
234 0
234 0
234 0
234 0
234 76009
234 137925
234 251629
234 291691
234 0
234 0
234 0
234 224787
234 0
234 0
234 0
234 0
234 291691
234 0
234 0
234 0
234 0
234 72905
234 321928
234 117743
235 49452
235 251629
235 256425
235 109170
235 0
235 0
235 0
235 0
235 0
235 0
235 0
235 0
235 76009
235 56047
235 918295
235 5977
235 0
235 0
235 0
235 2565
235 0
235 0
235 0
235 0
235 169584
235 0
235 0
235 0
235 190874
235 72905
235 170950
235 193506
236 72056
236 918295
236 170950
236 190874
236 0
236 0
236 0
236 0
236 0
236 0
236 0
236 0
236 76009
236 0
236 251629
236 61743
236 0
236 0
236 0
236 152007
236 0
236 0
236 0
236 0
236 291691
236 0
236 0
236 0
236 109170
236 170950
236 170950
236 281290
237 7234
237 0
237 46439
237 48415
237 0
237 0
237 0
237 0
237 0
237 0
237 0
237 0
237 61743
237 137925
237 0
237 863120
237 0
237 0
237 0
237 24757
237 0
237 0
237 0
237 1000000
237 169584
237 0
237 0
237 0
237 0
237 170950
237 321928
237 5802
238 311323
238 0
238 321928
238 48415
238 0
238 0
238 0
238 0
238 0
238 0
238 0
238 0
238 469565
238 137925
238 918295
238 169584
238 0
238 0
238 0
238 43068
238 0
238 0
238 0
238 1000000
238 0
238 0
238 0
238 0
238 109170
238 721928
238 170950
238 91277
239 51800
239 251629
239 124511
239 650022
239 0
239 0
239 0
239 0
239 0
239 0
239 0
239 0
239 61743
239 92359
239 251629
239 0
239 0
239 0
239 0
239 2565
239 0
239 0
239 0
239 1000000
239 291691
239 0
239 0
239 0
239 109170
239 170950
239 72905
239 34851
240 164992
240 918295
240 78982
240 190874
240 0
240 0
240 0
240 0
240 0
240 0
240 0
240 0
240 5977
240 92359
240 251629
240 469565
240 0
240 0
240 0
240 2565
240 0
240 0
240 0
240 0
240 5977
240 0
240 0
240 0
240 190874
240 321928
240 321928
240 281290
241 183149
241 918295
241 19973
241 316689
241 0
241 0
241 0
241 0
241 0
241 0
241 0
241 0
241 5977
241 199203
241 918295
241 291691
241 0
241 0
241 0
241 224787
241 0
241 0
241 0
241 1000000
241 76009
241 0
241 0
241 0
241 109170
241 170950
241 321928
241 5802
242 72056
242 918295
242 46439
242 316689
242 0
242 0
242 0
242 0
242 0
242 0
242 0
242 0
242 61743
242 25850
242 251629
242 0
242 0
242 0
242 0
242 281036
242 0
242 0
242 0
242 1000000
242 169584
242 0
242 0
242 0
242 190874
242 72905
242 721928
242 34851
243 7234
243 251629
243 124511
243 0
243 0
243 0
243 0
243 0
243 0
243 0
243 0
243 0
243 169584
243 199203
243 251629
243 863120
243 0
243 0
243 0
243 2565
243 0
243 0
243 0
243 0
243 61743
243 0
243 0
243 0
243 109170
243 170950
243 72905
243 117743
244 72056
244 251629
244 46439
244 109170
244 0
244 0
244 0
244 0
244 0
244 0
244 0
244 0
244 169584
244 56047
244 918295
244 469565
244 0
244 0
244 0
244 24757
244 0
244 0
244 0
244 0
244 5977
244 0
244 0
244 0
244 190874
244 321928
244 72905
244 34851
245 72056
245 918295
245 609986
245 48415
245 0
245 0
245 0
245 0
245 0
245 0
245 0
245 0
245 169584
245 92359
245 918295
245 5977
245 0
245 0
245 0
245 24757
245 0
245 0
245 0
245 0
245 291691
245 0
245 0
245 0
245 109170
245 321928
245 72905
245 32268
246 49452
246 918295
246 19973
246 109170
246 0
246 0
246 0
246 0
246 0
246 0
246 0
246 0
246 305958
246 199203
246 251629
246 76009
246 0
246 0
246 0
246 319760
246 0
246 0
246 0
246 0
246 61743
246 0
246 0
246 0
246 48415
246 321928
246 0
246 191631
247 72056
247 918295
247 7403
247 190874
247 0
247 0
247 0
247 0
247 0
247 0
247 0
247 0
247 61743
247 92359
247 0
247 61743
247 0
247 0
247 0
247 24757
247 0
247 0
247 0
247 0
247 5977
247 0
247 0
247 0
247 109170
247 321928
247 321928
247 556779
248 1331
248 251629
248 46439
248 0
248 0
248 0
248 0
248 0
248 0
248 0
248 0
248 0
248 291691
248 25850
248 251629
248 61743
248 0
248 0
248 0
248 0
248 0
248 0
248 0
248 0
248 61743
248 0
248 0
248 0
248 48415
248 72905
248 721928
248 281290
249 16313
249 251629
249 91277
249 316689
249 0
249 0
249 0
249 0
249 0
249 0
249 0
249 0
249 863120
249 137925
249 918295
249 76009
249 0
249 0
249 0
249 2565
249 0
249 0
249 0
249 0
249 61743
249 0
249 0
249 0
249 190874
249 170950
249 72905
249 117743
250 72056
250 918295
250 5802
250 190874
250 0
250 0
250 0
250 0
250 0
250 0
250 0
250 0
250 61743
250 92359
250 0
250 5977
250 0
250 0
250 0
250 224787
250 0
250 0
250 0
250 1000000
250 5977
250 0
250 0
250 0
250 109170
250 72905
250 0
250 395815
251 149761
251 251629
251 91277
251 190874
251 0
251 0
251 0
251 0
251 0
251 0
251 0
251 0
251 61743
251 25850
251 0
251 469565
251 0
251 0
251 0
251 24757
251 0
251 0
251 0
251 1000000
251 61743
251 0
251 0
251 0
251 316689
251 321928
251 170950
251 5802
252 3430
252 251629
252 91277
252 48415
252 0
252 0
252 0
252 0
252 0
252 0
252 0
252 0
252 76009
252 92359
252 251629
252 169584
252 0
252 0
252 0
252 152007
252 0
252 0
252 0
252 0
252 5977
252 0
252 0
252 0
252 650022
252 170950
252 321928
252 281290
253 1331
253 251629
253 91277
253 190874
253 0
253 0
253 0
253 0
253 0
253 0
253 0
253 0
253 169584
253 25850
253 251629
253 169584
253 0
253 0
253 0
253 81792
253 0
253 0
253 0
253 0
253 469565
253 0
253 0
253 0
253 650022
253 321928
253 170950
253 395815
254 72056
254 251629
254 170950
254 48415
254 0
254 0
254 0
254 0
254 0
254 0
254 0
254 0
254 469565
254 92359
254 0
254 61743
254 0
254 0
254 0
254 2565
254 0
254 0
254 0
254 0
254 76009
254 0
254 0
254 0
254 190874
254 170950
254 321928
254 191631
255 49452
255 251629
255 124511
255 190874
255 0
255 0
255 0
255 0
255 0
255 0
255 0
255 0
255 0
255 199203
255 918295
255 5977
255 0
255 0
255 0
255 81792
255 0
255 0
255 0
255 0
255 291691
255 0
255 0
255 0
255 109170
255 170950
255 321928
255 191631
256 7234
256 0
256 281290
256 48415
256 0
256 0
256 0
256 0
256 0
256 0
256 0
256 0
256 291691
256 56047
256 251629
256 469565
256 0
256 0
256 0
256 2565
256 0
256 0
256 0
256 0
256 291691
256 0
256 0
256 0
256 109170
256 321928
256 170950
256 5802
257 3430
257 251629
257 78982
257 316689
257 0
257 0
257 0
257 0
257 0
257 0
257 0
257 0
257 76009
257 92359
257 918295
257 169584
257 0
257 0
257 0
257 81792
257 0
257 0
257 0
257 0
257 5977
257 0
257 0
257 0
257 0
257 170950
257 321928
257 281290
258 7234
258 251629
258 19973
258 48415
258 0
258 0
258 0
258 0
258 0
258 0
258 0
258 0
258 5977
258 25850
258 918295
258 305958
258 0
258 0
258 0
258 281036
258 0
258 0
258 0
258 0
258 61743
258 0
258 0
258 0
258 48415
258 321928
258 72905
258 395815
259 7234
259 918295
259 321928
259 109170
259 0
259 0
259 0
259 0
259 0
259 0
259 0
259 0
259 76009
259 92359
259 918295
259 61743
259 0
259 0
259 0
259 81792
259 0
259 0
259 0
259 1000000
259 5977
259 0
259 0
259 0
259 109170
259 170950
259 321928
259 91277
260 49452
260 251629
260 91277
260 48415
260 0
260 0
260 0
260 0
260 0
260 0
260 0
260 0
260 169584
260 199203
260 251629
260 5977
260 0
260 0
260 0
260 2565
260 0
260 0
260 0
260 0
260 5977
260 0
260 0
260 0
260 190874
260 321928
260 0
260 191631
261 49452
261 0
261 170950
261 109170
261 0
261 0
261 0
261 0
261 0
261 0
261 0
261 0
261 61743
261 92359
261 918295
261 291691
261 0
261 0
261 0
261 81792
261 0
261 0
261 0
261 0
261 291691
261 0
261 0
261 0
261 109170
261 321928
261 72905
261 34851
262 1331
262 918295
262 5802
262 316689
262 0
262 0
262 0
262 0
262 0
262 0
262 0
262 0
262 5977
262 92359
262 251629
262 61743
262 0
262 0
262 0
262 92888
262 0
262 0
262 0
262 1000000
262 76009
262 0
262 0
262 0
262 650022
262 170950
262 72905
262 191631
263 51800
263 251629
263 170950
263 109170
263 0
263 0
263 0
263 0
263 0
263 0
263 0
263 0
263 76009
263 25850
263 0
263 305958
263 0
263 0
263 0
263 2565
263 0
263 0
263 0
263 0
263 61743
263 0
263 0
263 0
263 109170
263 321928
263 170950
263 395815
264 183149
264 918295
264 19973
264 316689
264 0
264 0
264 0
264 0
264 0
264 0
264 0
264 0
264 5977
264 293564
264 251629
264 169584
264 0
264 0
264 0
264 2565
264 0
264 0
264 0
264 0
264 291691
264 0
264 0
264 0
264 48415
264 321928
264 321928
264 34851
265 49452
265 918295
265 5802
265 190874
265 0
265 0
265 0
265 0
265 0
265 0
265 0
265 0
265 169584
265 92359
265 0
265 169584
265 0
265 0
265 0
265 2565
265 0
265 0
265 0
265 0
265 169584
265 0
265 0
265 0
265 190874
265 170950
265 170950
265 5802
