1 4547
2 48166
3 13161
4 224
5 277
6 758
7 96
8 1207
9 10
10 45
11 2263
12 7147
13 18
14 2368
15 91
16 4118
17 11412
18 700
19 337
20 21578
21 14970
22 164
23 5299
24 1347
25 88
26 36
27 5028
28 1607
29 6040
30 44283
31 12179
32 164
33 10700
34 16686
35 1607
36 700
37 1607
38 1607
39 700
40 13350
41 11412
42 320
43 2368
44 2368
45 7147
46 320
47 1607
48 5028
49 5028
50 320
51 700
52 2368
53 3881
54 1607
55 3881
56 13350
57 1607
58 320
59 8685
60 700
61 2368
62 42369
63 8685
64 19034
65 700
66 19034
67 1607
68 2368
69 18
70 8685
71 18
72 25752
73 19034
74 13350
75 13350
76 700
77 2368
78 18
79 13350
80 7147
81 25752
82 320
83 700
84 5028
85 13350
86 7147
87 19034
88 22981
89 320
90 2368
91 700
92 25752
93 2368
94 18
95 1607
96 5028
97 3881
98 1607
99 30313
100 2368
101 7147
102 2368
103 13350
104 22981
105 700
106 700
107 2368
108 5028
109 320
110 8685
111 5028
112 11412
113 16686
114 25752
115 18
116 22981
117 2368
118 700
119 13350
120 700
121 8685
122 1607
123 3881
124 13350
125 8685
126 3881
127 7147
128 2368
129 1607
130 3881
131 3881
132 25752
133 2368
134 2368
135 2368
136 13350
137 320
138 2368
139 1607
140 700
141 3881
142 1607
143 5028
144 13350
145 25752
146 11412
147 1607
148 7147
149 3881
150 1607
151 2368
152 700
153 1607
154 3881
155 320
156 8685
157 7147
158 1607
159 2368
160 2368
161 700
162 18
163 18
164 11412
165 5028
166 13350
167 7147
168 18
169 2368
170 22981
171 13350
172 700
173 5028
174 320
175 3881
176 320
177 3881
178 3881
179 18
180 33523
181 320
182 18
183 63394
184 7147
185 18
186 18
187 2368
188 8685
189 8685
190 8685
191 320
192 11412
193 8685
194 18
195 25752
196 13350
197 700
198 2368
199 18
200 700
201 8685
202 2368
203 13350
204 8685
205 3881
206 7147
207 1607
208 5028
209 18
210 22981
211 1607
212 2368
213 18
214 320
215 320
216 13350
217 8685
218 16686
219 7147
220 11412
221 16686
222 7147
223 1607
224 320
225 11412
226 5028
227 700
228 2368
229 19034
230 18
231 7147
232 2368
233 22981
234 1607
235 18
236 700
237 7147
238 7147
239 1607
240 1607
241 8685
242 700
243 11412
244 1607
245 19034
246 3881
247 25752
248 30313
249 3881
250 700
251 11412
252 7147
253 18
254 3881
255 320
256 7147
257 700
258 700
259 7147
260 2368
261 18
262 5028
263 18
264 1607
265 2368
