1 4876
1 12266
2 48083
2 28121
3 7043
3 31483
4 1687
4 3613
5 5
5 1564
6 305
6 14157
7 2427
7 1405
8 10505
8 722
9 11505
9 3974
10 2674
10 20
11 7940
11 1281
12 5534
12 22170
13 414
13 2092
14 114
14 6955
15 7940
15 4407
16 93
16 12537
17 14397
17 12266
18 3172
18 727
19 138
19 2341
20 21929
20 25011
21 59388
21 88
22 1468
22 8477
23 19075
23 2989
24 9441
24 4103
25 3434
25 7375
26 1864
26 14686
27 32119
27 797
28 7774
28 4103
29 23605
29 5389
30 87714
30 39404
31 27566
31 689
32 114
32 88
33 6258
33 12556
34 59388
34 0
35 53
35 1421
36 6756
36 26285
37 3434
37 8712
38 53
38 22170
39 241
39 6847
40 14397
40 22170
41 5071
41 10494
42 13299
42 5468
43 11450
43 2092
44 15738
44 7053
45 2210
45 58959
46 114
46 65
47 3172
47 2092
48 4366
48 4163
49 7771
49 7053
50 5
50 353
51 1643
51 10538
52 83
52 4235
53 829
53 35875
54 1246
54 2048
55 1468
55 34636
56 15
56 19998
57 20870
57 1281
58 4876
58 308
59 32119
59 727
60 1468
60 12266
61 13299
61 308
62 56188
62 19313
63 912
63 19313
64 8932
64 2476
65 912
65 727
66 5812
66 3569
67 15738
67 2048
68 13990
68 29356
69 53
69 1322
70 0
70 259
71 1125
71 353
72 2115
72 38906
73 8924
73 22044
74 11450
74 14429
75 61979
75 3039
76 34
76 65
77 296
77 1
78 637
78 2092
79 14397
79 22170
80 10026
80 1281
81 23605
81 19313
82 10547
82 1281
83 2319
83 1322
84 11385
84 23410
85 31471
85 308
86 7774
86 32514
87 2674
87 11189
88 31471
88 3222
89 10547
89 1281
90 912
90 797
91 9441
91 797
92 30017
92 909
93 374
93 419
94 1864
94 8477
95 414
95 14429
96 6258
96 8477
97 53
97 8628
98 241
98 6955
99 13923
99 31483
100 2319
100 353
101 35979
101 2989
102 149
102 1421
103 5812
103 7
104 15608
104 34636
105 5534
105 308
106 414
106 2092
107 5
107 22170
108 829
108 22044
109 8570
109 797
110 27920
110 20692
111 499
111 419
112 7940
112 8628
113 4366
113 38230
114 5863
114 46045
115 5
115 1322
116 10026
116 17299
117 149
117 54728
118 2210
118 2228
119 2319
119 34636
120 34
120 65
121 296
121 12556
122 4366
122 727
123 8924
123 2989
124 25484
124 65
125 499
125 5789
126 296
126 419
127 4366
127 6955
128 0
128 118
129 1864
129 353
130 414
130 14429
131 35979
131 1
132 12619
132 38230
133 3736
133 2092
134 3434
134 2989
135 1246
135 65
136 16744
136 50655
137 5
137 3039
138 10396
138 88
139 2839
139 2989
140 1864
140 22170
141 11450
141 727
142 3736
142 88
143 637
143 14429
144 29405
144 353
145 19075
145 67919
146 912
146 24978
147 149
147 1
148 15387
148 7053
149 15608
149 1322
150 212
150 3081
151 241
151 19504
152 2210
152 10538
153 1802
153 909
154 5
154 16776
155 5534
155 353
156 374
156 17299
157 3434
157 419
158 12299
158 308
159 5
159 12266
160 3723
160 5789
161 912
161 727
162 53
162 1322
163 2839
163 17010
164 16951
164 1421
165 1643
165 118
166 21
166 6416
167 15608
167 353
168 1864
168 8477
169 4876
169 22044
170 40895
170 12266
171 13923
171 2228
172 9069
172 7
173 149
173 8628
174 13299
174 22044
175 34
175 4407
176 1437
176 4235
177 374
177 1592
178 9441
178 2092
179 580
179 2989
180 33806
180 12556
181 414
181 88
182 1468
182 3039
184 11450
184 797
185 2665
185 797
186 374
186 8712
187 9778
187 9172
188 53
188 34636
189 8924
189 1421
190 149
190 22044
191 0
191 26285
192 25923
192 3039
193 46726
193 65
194 21939
194 5789
195 43511
195 118
196 1643
196 14822
197 4366
197 2092
198 16951
198 8477
199 114
199 4103
200 34
200 65
201 5071
201 6955
202 30552
202 2228
203 48637
203 727
204 5534
204 35875
205 19075
205 88
206 1125
206 42030
207 4274
207 5789
208 34
208 10494
209 414
209 88
210 40895
210 12266
211 3723
211 1592
212 5071
212 727
213 114
213 727
214 7043
214 909
215 114
215 65
216 14295
216 3081
217 33880
217 88
218 55213
218 5389
219 5863
219 118
220 1246
220 14822
221 21929
221 6955
222 18447
222 2989
223 5534
223 1322
224 414
224 4163
225 33880
225 88
226 2674
226 4235
227 4274
227 3222
228 14823
228 15725
229 40628
229 65
230 241
230 88
231 3736
231 14429
232 6258
232 1322
233 5863
233 31483
234 829
234 17010
235 5534
235 1421
236 9441
236 31239
237 9441
237 10283
238 3434
238 419
239 11450
239 6847
240 8570
240 727
241 4117
241 419
242 4366
242 2092
243 9441
243 25011
244 296
244 1281
245 2115
245 19998
246 13299
246 1322
247 23605
247 19313
248 84630
248 353
249 19075
249 88
250 414
250 2092
251 3736
251 31239
252 6258
252 12266
253 12299
253 8628
254 114
254 10494
255 1802
255 689
256 1864
256 16776
257 30552
257 10494
258 829
258 1421
259 16951
259 308
260 10547
260 17299
261 9441
261 6955
262 2839
262 1421
263 1468
263 3039
264 7056
264 1322
265 6756
265 10538
