1 14771
1 19338
1 0
1 0
1 0
1 811278
1 107986
1 19973
1 0
1 17220
1 0
1 721928
1 278071
1 0
1 1331
1 51495
2 22198
2 53603
2 0
2 0
2 0
2 122556
2 19973
2 5802
2 0
2 4076
2 0
2 721928
2 0
2 0
2 1331
2 68345
3 14771
3 6855
3 0
3 0
3 0
3 122556
3 2145
3 281290
3 0
3 0
3 0
3 0
3 0
3 0
3 242697
3 1169
4 74670
4 1624
4 0
4 0
4 0
4 0
4 4545
4 7403
4 0
4 0
4 0
4 0
4 236452
4 0
4 12509
4 375
5 22198
5 1624
5 0
5 0
5 0
5 0
5 93350
5 144484
5 0
5 0
5 0
5 0
5 0
5 0
5 90463
5 3959
6 75395
6 54207
6 0
6 0
6 0
6 0
6 0
6 144484
6 0
6 0
6 0
6 0
6 108031
6 0
6 90463
6 3959
7 0
7 97158
7 0
7 0
7 0
7 0
7 51404
7 5802
7 0
7 146535
7 0
7 72905
7 108031
7 0
7 58780
7 31705
8 75395
8 181918
8 0
8 0
8 0
8 122556
8 10799
8 5802
8 0
8 48415
8 0
8 321928
8 0
8 0
8 134779
8 10799
9 160112
9 1624
9 0
9 0
9 0
9 0
9 51404
9 78982
9 0
9 76869
9 0
9 0
9 108031
9 0
9 27740
9 64881
10 22198
10 138096
10 0
10 0
10 0
10 0
10 0
10 19973
10 0
10 76869
10 0
10 170950
10 108031
10 0
10 12509
10 10799
11 0
11 35879
11 0
11 0
11 0
11 311278
11 2145
11 46439
11 0
11 190874
11 0
11 170950
11 0
11 0
11 38274
11 68345
12 0
12 181
12 0
12 0
12 0
12 311278
12 0
12 0
12 0
12 0
12 0
12 170950
12 34851
12 0
12 90463
12 102004
13 136879
13 11482
13 0
13 0
13 0
13 122556
13 25654
13 46439
13 0
13 146535
13 0
13 170950
13 29049
13 0
13 38274
13 3959
14 370506
14 113699
14 0
14 0
14 0
14 122556
14 3396
14 0
14 0
14 92526
14 0
14 0
14 0
14 0
14 58780
14 25654
15 0
15 6855
15 0
15 0
15 0
15 0
15 116295
15 5802
15 0
15 76869
15 0
15 0
15 29049
15 0
15 1331
15 25654
16 22198
16 179670
16 0
16 0
16 0
16 122556
16 2145
16 91277
16 0
16 146535
16 0
16 0
16 0
16 0
16 320402
16 200326
17 151835
17 338557
17 0
17 0
17 0
17 122556
17 323650
17 46439
17 0
17 48415
17 0
17 0
17 0
17 0
17 90463
17 25654
18 151835
18 11482
18 0
18 0
18 0
18 311278
18 116295
18 256425
18 0
18 4076
18 0
18 72905
18 29049
18 0
18 183149
18 189340
19 74670
19 113699
19 0
19 0
19 0
19 311278
19 25654
19 5802
19 0
19 48415
19 0
19 0
19 34851
19 0
19 90463
19 8470
20 16111
20 19338
20 0
20 0
20 0
20 811278
20 19973
20 46439
20 0
20 146535
20 0
20 72905
20 29049
20 0
20 242697
20 51495
21 61053
21 53603
21 0
21 0
21 0
21 311278
21 185805
21 19973
21 0
21 109170
21 0
21 72905
21 124511
21 0
21 38274
21 1169
22 0
22 35879
22 0
22 0
22 0
22 311278
22 25654
22 0
22 0
22 43004
22 0
22 170950
22 29049
22 0
22 12509
22 51495
23 0
23 253797
23 0
23 0
23 0
23 0
23 116295
23 609986
23 0
23 4076
23 0
23 0
23 29049
23 0
23 183149
23 303307
24 22198
24 105843
24 0
24 0
24 0
24 122556
24 63641
24 0
24 0
24 0
24 0
24 170950
24 29049
24 0
24 94017
24 1169
25 508725
25 11482
25 0
25 0
25 0
25 311278
25 8986
25 19973
25 0
25 4076
25 0
25 721928
25 0
25 0
25 1331
25 3959
26 16111
26 181
26 0
26 0
26 0
26 122556
26 10799
26 281290
26 0
26 4076
26 0
26 170950
26 34851
26 0
26 1331
26 25654
27 14771
27 19338
27 0
27 0
27 0
27 0
27 2145
27 0
27 0
27 76869
27 0
27 170950
27 29049
27 0
27 38274
27 25654
28 61053
28 113699
28 0
28 0
28 0
28 122556
28 78495
28 5802
28 0
28 0
28 0
28 72905
28 108031
28 0
28 1331
28 1169
29 0
29 3797
29 0
29 0
29 0
29 0
29 59773
29 124511
29 0
29 4076
29 0
29 170950
29 0
29 0
29 183149
29 375
31 61053
31 105843
31 0
31 0
31 0
31 122556
31 63641
31 281290
31 0
31 22987
31 0
31 0
31 29049
31 0
31 94017
31 241995
32 0
32 41120
32 0
32 0
32 0
32 122556
32 25654
32 281290
32 0
32 109170
32 0
32 72905
32 0
32 0
32 58780
32 86966
33 16111
33 213301
33 0
33 0
33 0
33 311278
33 78495
33 0
33 0
33 190874
33 0
33 72905
33 395815
33 0
33 1331
33 10799
35 61053
35 53603
35 0
35 0
35 0
35 811278
35 63641
35 5802
35 0
35 17220
35 0
35 0
35 29049
35 0
35 12509
35 10799
36 74670
36 41120
36 0
36 0
36 0
36 122556
36 78495
36 609986
36 0
36 109170
36 0
36 72905
36 395815
36 0
36 320402
36 241995
37 0
37 53603
37 0
37 0
37 0
37 122556
37 2145
37 124511
37 0
37 146535
37 0
37 170950
37 0
37 0
37 1331
37 31705
38 14771
38 11482
38 0
38 0
38 0
38 311278
38 8986
38 91277
38 0
38 43004
38 0
38 72905
38 609986
38 0
38 58780
38 303307
39 0
39 181
39 0
39 0
39 0
39 122556
39 63641
39 91277
39 0
39 0
39 0
39 0
39 34851
39 0
39 38274
39 8470
40 257831
40 97158
40 0
40 0
40 0
40 122556
40 2145
40 0
40 0
40 4076
40 0
40 170950
40 0
40 0
40 12509
40 241995
41 151835
41 93531
41 0
41 0
41 0
41 311278
41 116295
41 281290
41 0
41 0
41 0
41 72905
41 0
41 0
41 242697
41 25654
42 16111
42 181
42 0
42 0
42 0
42 311278
42 19973
42 91277
42 0
42 4076
42 0
42 170950
42 34851
42 0
42 38274
42 51495
43 74670
43 181
43 0
43 0
43 0
43 311278
43 63641
43 0
43 0
43 17220
43 0
43 321928
43 29049
43 0
43 1331
43 10799
44 61053
44 265174
44 0
44 0
44 0
44 122556
44 2145
44 46439
44 0
44 76869
44 0
44 0
44 0
44 0
44 94017
44 8470
45 22198
45 6855
45 0
45 0
45 0
45 0
45 34827
45 5802
45 0
45 316689
45 0
45 0
45 0
45 0
45 94017
45 303307
46 61053
46 338557
46 0
46 0
46 0
46 311278
46 8986
46 124511
46 0
46 17220
46 0
46 321928
46 34851
46 0
46 38274
46 1169
47 74670
47 19338
47 0
47 0
47 0
47 311278
47 8986
47 124511
47 0
47 17220
47 0
47 170950
47 0
47 0
47 1331
47 51495
48 16111
48 35879
48 0
48 0
48 0
48 122556
48 170950
48 91277
48 0
48 92526
48 0
48 72905
48 0
48 0
48 27740
48 375
49 256981
49 53603
49 0
49 0
49 0
49 122556
49 8986
49 256425
49 0
49 48415
49 0
49 72905
49 34851
49 0
49 38274
49 51495
50 14771
50 7490
50 0
50 0
50 0
50 122556
50 8986
50 46439
50 0
50 0
50 0
50 0
50 108031
50 0
50 90463
50 25654
51 16111
51 53603
51 0
51 0
51 0
51 311278
51 8986
51 19973
51 0
51 146535
51 0
51 170950
51 29049
51 0
51 134779
51 102004
52 0
52 79701
52 0
52 0
52 0
52 311278
52 2145
52 5802
52 0
52 48415
52 0
52 72905
52 0
52 0
52 27740
52 375
53 16111
53 11482
53 0
53 0
53 0
53 122556
53 59773
53 256425
53 0
53 43004
53 0
53 170950
53 0
53 0
53 183149
53 25654
54 14771
54 138096
54 0
54 0
54 0
54 311278
54 34827
54 419973
54 0
54 17220
54 0
54 321928
54 0
54 0
54 58780
54 25654
55 14771
55 1881
55 0
55 0
55 0
55 122556
55 8986
55 19973
55 0
55 109170
55 0
55 321928
55 278071
55 0
55 134779
55 51495
56 16111
56 6855
56 0
56 0
56 0
56 311278
56 78495
56 124511
56 0
56 92526
56 0
56 72905
56 124511
56 0
56 242697
56 102004
57 16111
57 35514
57 0
57 0
57 0
57 811278
57 145109
57 321928
57 0
57 43004
57 0
57 72905
57 124511
57 0
57 1331
57 8470
58 74670
58 11482
58 0
58 0
58 0
58 311278
58 19973
58 19973
58 0
58 4076
58 0
58 170950
58 0
58 0
58 94017
58 3959
59 14771
59 97158
59 0
59 0
59 0
59 811278
59 0
59 19973
59 0
59 0
59 0
59 321928
59 0
59 0
59 242697
59 143156
60 408327
60 253797
60 0
60 0
60 0
60 311278
60 8986
60 256425
60 0
60 109170
60 0
60 72905
60 278071
60 0
60 242697
60 134685
61 0
61 53603
61 0
61 0
61 0
61 311278
61 323650
61 19973
61 0
61 17220
61 0
61 72905
61 124511
61 0
61 38274
61 51495
62 136879
62 138096
62 0
62 0
62 0
62 311278
62 8986
62 256425
62 0
62 0
62 0
62 170950
62 124511
62 0
62 12509
62 189340
63 370506
63 41120
63 0
63 0
63 0
63 122556
63 63641
63 91277
63 0
63 17220
63 0
63 321928
63 108031
63 0
63 242697
63 8470
64 0
64 19338
64 0
64 0
64 0
64 0
64 25654
64 46439
64 0
64 4076
64 0
64 170950
64 0
64 0
64 12509
64 51495
65 0
65 41120
65 0
65 0
65 0
65 122556
65 19973
65 91277
65 0
65 0
65 0
65 170950
65 0
65 0
65 183149
65 8470
66 151835
66 181
66 0
66 0
66 0
66 122556
66 2145
66 170950
66 0
66 4076
66 0
66 72905
66 34851
66 0
66 12509
66 1169
67 0
67 1624
67 0
67 0
67 0
67 122556
67 34827
67 124511
67 0
67 146535
67 0
67 72905
67 0
67 0
67 94017
67 134685
68 22198
68 35135
68 0
68 0
68 0
68 122556
68 116295
68 19973
68 0
68 109170
68 0
68 72905
68 236452
68 0
68 12509
68 375
69 22198
69 105843
69 0
69 0
69 0
69 122556
69 59773
69 19973
69 0
69 17220
69 0
69 0
69 29049
69 0
69 1331
69 25654
70 0
70 35879
70 0
70 0
70 0
70 122556
70 2145
70 7403
70 0
70 190874
70 0
70 0
70 108031
70 0
70 12509
70 143156
71 0
71 79701
71 0
71 0
71 0
71 811278
71 2145
71 0
71 0
71 146535
71 0
71 321928
71 29049
71 0
71 134779
71 1169
72 16111
72 79701
72 0
72 0
72 0
72 0
72 63641
72 281290
72 0
72 43004
72 0
72 170950
72 34851
72 0
72 433594
72 1169
73 16111
73 53603
73 0
73 0
73 0
73 811278
73 2145
73 46439
73 0
73 17220
73 0
73 321928
73 0
73 0
73 242697
73 51495
74 0
74 35514
74 0
74 0
74 0
74 311278
74 8986
74 419973
74 0
74 109170
74 0
74 72905
74 0
74 0
74 134779
74 1169
75 22198
75 97158
75 0
75 0
75 0
75 311278
75 0
75 419973
75 0
75 146535
75 0
75 321928
75 124511
75 0
75 12509
75 25654
76 16111
76 181
76 0
76 0
76 0
76 311278
76 8986
76 5802
76 0
76 0
76 0
76 321928
76 29049
76 0
76 38274
76 3959
77 74670
77 138096
77 0
77 0
77 0
77 311278
77 78495
77 46439
77 0
77 4076
77 0
77 170950
77 0
77 0
77 242697
77 1169
78 0
78 6855
78 0
78 0
78 0
78 311278
78 34827
78 19973
78 0
78 190874
78 0
78 170950
78 34851
78 0
78 320402
78 10799
79 14771
79 53603
79 0
79 0
79 0
79 311278
79 10799
79 124511
79 0
79 146535
79 0
79 0
79 0
79 0
79 183149
79 8470
80 14771
80 338557
80 0
80 0
80 0
80 122556
80 63641
80 609986
80 0
80 17220
80 0
80 321928
80 0
80 0
80 1331
80 102004
81 22198
81 35135
81 0
81 0
81 0
81 811278
81 34827
81 124511
81 0
81 0
81 0
81 72905
81 124511
81 0
81 1331
81 134685
82 151835
82 11482
82 0
82 0
82 0
82 311278
82 116295
82 91277
82 0
82 4076
82 0
82 170950
82 29049
82 0
82 242697
82 102004
83 16111
83 105843
83 0
83 0
83 0
83 311278
83 2145
83 91277
83 0
83 190874
83 0
83 0
83 29049
83 0
83 12509
83 10799
84 16111
84 93531
84 0
84 0
84 0
84 122556
84 145109
84 556779
84 0
84 0
84 0
84 321928
84 236452
84 0
84 58780
84 68345
85 16111
85 105843
85 0
85 0
85 0
85 311278
85 2145
85 124511
85 0
85 4076
85 0
85 321928
85 29049
85 0
85 134779
85 189340
86 61053
86 35879
86 0
86 0
86 0
86 311278
86 59773
86 256425
86 0
86 4076
86 0
86 170950
86 108031
86 0
86 320402
86 25654
87 22198
87 53603
87 0
87 0
87 0
87 122556
87 185805
87 256425
87 0
87 92526
87 0
87 72905
87 124511
87 0
87 134779
87 25654
88 257831
88 53603
88 0
88 0
88 0
88 0
88 10799
88 46439
88 0
88 43004
88 0
88 0
88 34851
88 0
88 134779
88 51495
89 16111
89 35135
89 0
89 0
89 0
89 311278
89 34827
89 19973
89 0
89 76869
89 0
89 721928
89 236452
89 0
89 90463
89 8470
90 0
90 138096
90 0
90 0
90 0
90 122556
90 25654
90 0
90 0
90 4076
90 0
90 72905
90 34851
90 0
90 1331
90 27870
91 16111
91 3797
91 0
91 0
91 0
91 122556
91 0
91 19973
91 0
91 109170
91 0
91 72905
91 0
91 0
91 1331
91 51495
92 22198
92 213301
92 0
92 0
92 0
92 811278
92 8986
92 5802
92 0
92 17220
92 0
92 72905
92 29049
92 0
92 1331
92 3959
93 0
93 1624
93 0
93 0
93 0
93 311278
93 278259
93 91277
93 0
93 109170
93 0
93 721928
93 29049
93 0
93 183149
93 189340
94 16111
94 35879
94 0
94 0
94 0
94 122556
94 59773
94 609986
94 0
94 4076
94 0
94 170950
94 124511
94 0
94 12509
94 189340
95 16111
95 19338
95 0
95 0
95 0
95 122556
95 0
95 0
95 0
95 4076
95 0
95 170950
95 34851
95 0
95 1331
95 189340
96 22198
96 1881
96 0
96 0
96 0
96 311278
96 34827
96 91277
96 0
96 4076
96 0
96 72905
96 124511
96 0
96 94017
96 25654
97 0
97 6855
97 0
97 0
97 0
97 811278
97 116295
97 46439
97 0
97 190874
97 0
97 72905
97 34851
97 0
97 183149
97 51495
98 16111
98 53603
98 0
98 0
98 0
98 122556
98 0
98 0
98 0
98 109170
98 0
98 321928
98 29049
98 0
98 38274
98 1169
99 61053
99 1881
99 0
99 0
99 0
99 122556
99 2145
99 124511
99 0
99 4076
99 0
99 72905
99 124511
99 0
99 183149
99 25654
100 22198
100 7490
100 0
100 0
100 0
100 122556
100 63641
100 46439
100 0
100 4076
100 0
100 0
100 29049
100 0
100 58780
100 8470
101 0
101 1624
101 0
101 0
101 0
101 0
101 59773
101 19973
101 0
101 48415
101 0
101 170950
101 108031
101 0
101 38274
101 1169
102 22198
102 138096
102 0
102 0
102 0
102 811278
102 278259
102 91277
102 0
102 76869
102 0
102 321928
102 395815
102 0
102 1331
102 8470
103 22198
103 1881
103 0
103 0
103 0
103 811278
103 185805
103 46439
103 0
103 17220
103 0
103 170950
103 34851
103 0
103 134779
103 375
104 61053
104 19338
104 0
104 0
104 0
104 122556
104 8986
104 124511
104 0
104 190874
104 0
104 72905
104 29049
104 0
104 38274
104 8470
105 0
105 93531
105 0
105 0
105 0
105 122556
105 78495
105 19973
105 0
105 0
105 0
105 170950
105 0
105 0
105 94017
105 25654
106 151835
106 19338
106 0
106 0
106 0
106 811278
106 25654
106 419973
106 0
106 17220
106 0
106 170950
106 0
106 0
106 1331
106 25654
107 151835
107 3797
107 0
107 0
107 0
107 122556
107 185805
107 5802
107 0
107 146535
107 0
107 170950
107 29049
107 0
107 433594
107 51495
108 61053
108 35514
108 0
108 0
108 0
108 311278
108 10799
108 19973
108 0
108 4076
108 0
108 170950
108 124511
108 0
108 1331
108 86966
109 61053
109 213301
109 0
109 0
109 0
109 0
109 2145
109 0
109 0
109 190874
109 0
109 72905
109 29049
109 0
109 183149
109 1169
110 16111
110 3797
110 0
110 0
110 0
110 122556
110 408986
110 91277
110 0
110 245459
110 0
110 321928
110 108031
110 0
110 94017
110 31705
111 74670
111 97158
111 0
111 0
111 0
111 311278
111 25654
111 19973
111 0
111 43004
111 0
111 72905
111 0
111 0
111 134779
111 375
112 14771
112 3797
112 0
112 0
112 0
112 122556
112 241995
112 19973
112 0
112 76869
112 0
112 321928
112 0
112 0
112 94017
112 241995
113 151835
113 19338
113 0
113 0
113 0
113 122556
113 2145
113 124511
113 0
113 92526
113 0
113 321928
113 34851
113 0
113 242697
113 1169
114 0
114 6855
114 0
114 0
114 0
114 122556
114 63641
114 419973
114 0
114 76869
114 0
114 170950
114 278071
114 0
114 242697
114 86966
115 151835
115 293735
115 0
115 0
115 0
115 311278
115 2145
115 0
115 0
115 4076
115 0
115 72905
115 29049
115 0
115 1331
115 10799
116 14771
116 19338
116 0
116 0
116 0
116 311278
116 8986
116 419973
116 0
116 43004
116 0
116 321928
116 34851
116 0
116 183149
116 376867
117 16111
117 1881
117 0
117 0
117 0
117 122556
117 34827
117 0
117 0
117 190874
117 0
117 170950
117 236452
117 0
117 1331
117 51495
118 16111
118 311278
118 0
118 0
118 0
118 311278
118 34827
118 19973
118 0
118 245459
118 0
118 72905
118 609986
118 0
118 183149
118 25654
119 14771
119 181
119 0
119 0
119 0
119 122556
119 2145
119 124511
119 0
119 4076
119 0
119 721928
119 124511
119 0
119 183149
119 1169
120 16111
120 79701
120 0
120 0
120 0
120 122556
120 2145
120 256425
120 0
120 190874
120 0
120 321928
120 278071
120 0
120 12509
120 51495
121 16111
121 93531
121 0
121 0
121 0
121 122556
121 2145
121 124511
121 0
121 245459
121 0
121 321928
121 609986
121 0
121 242697
121 375
122 0
122 181
122 0
122 0
122 0
122 311278
122 25654
122 7403
122 0
122 17220
122 0
122 321928
122 124511
122 0
122 183149
122 1169
123 0
123 253797
123 0
123 0
123 0
123 311278
123 8986
123 46439
123 0
123 4076
123 0
123 170950
123 236452
123 0
123 94017
123 25654
124 257831
124 179670
124 0
124 0
124 0
124 311278
124 8986
124 419973
124 0
124 146535
124 0
124 170950
124 29049
124 0
124 183149
124 51495
125 61053
125 35879
125 0
125 0
125 0
125 811278
125 185805
125 0
125 0
125 0
125 0
125 72905
125 124511
125 0
125 12509
125 68345
126 0
126 35879
126 0
126 0
126 0
126 122556
126 2145
126 5802
126 0
126 17220
126 0
126 170950
126 236452
126 0
126 12509
126 25654
127 61053
127 35879
127 0
127 0
127 0
127 311278
127 25654
127 46439
127 0
127 0
127 0
127 0
127 29049
127 0
127 134779
127 143156
128 136879
128 1624
128 0
128 0
128 0
128 311278
128 145109
128 5802
128 0
128 0
128 0
128 72905
128 29049
128 0
128 1331
128 25654
129 22198
129 253797
129 0
129 0
129 0
129 122556
129 0
129 91277
129 0
129 109170
129 0
129 0
129 395815
129 0
129 1331
129 8470
130 0
130 35879
130 0
130 0
130 0
130 0
130 34827
130 256425
130 0
130 316689
130 0
130 170950
130 124511
130 0
130 242697
130 1169
131 61053
131 3797
131 0
131 0
131 0
131 311278
131 59773
131 46439
131 0
131 0
131 0
131 321928
131 34851
131 0
131 12509
131 10799
132 16111
132 11482
132 0
132 0
132 0
132 122556
132 52654
132 256425
132 0
132 0
132 0
132 170950
132 124511
132 0
132 242697
132 1169
133 14771
133 3797
133 0
133 0
133 0
133 0
133 0
133 91277
133 0
133 247150
133 0
133 170950
133 0
133 0
133 27740
133 25654
134 74670
134 41120
134 0
134 0
134 0
134 311278
134 116295
134 0
134 0
134 245459
134 0
134 72905
134 0
134 0
134 242697
134 1169
135 0
135 7490
135 0
135 0
135 0
135 311278
135 0
135 124511
135 0
135 17220
135 0
135 72905
135 0
135 0
135 94017
135 134685
136 14771
136 35879
136 0
136 0
136 0
136 311278
136 116295
136 321928
136 0
136 0
136 0
136 72905
136 34851
136 0
136 58780
136 303307
137 74670
137 79701
137 0
137 0
137 0
137 811278
137 34827
137 124511
137 0
137 4076
137 0
137 0
137 34851
137 0
137 12509
137 1169
138 151835
138 6855
138 0
138 0
138 0
138 311278
138 34827
138 0
138 0
138 190874
138 0
138 721928
138 124511
138 0
138 1331
138 1169
139 0
139 181
139 0
139 0
139 0
139 311278
139 10799
139 0
139 0
139 4076
139 0
139 321928
139 29049
139 0
139 134779
139 64881
140 136879
140 11482
140 0
140 0
140 0
140 811278
140 116295
140 124511
140 0
140 245459
140 0
140 321928
140 0
140 0
140 58780
140 68345
141 14771
141 138096
141 0
141 0
141 0
141 122556
141 19973
141 5802
141 0
141 4076
141 0
141 0
141 124511
141 0
141 134779
141 1169
142 370506
142 79701
142 0
142 0
142 0
142 0
142 59773
142 91277
142 0
142 146535
142 0
142 321928
142 124511
142 0
142 94017
142 51495
143 14771
143 181
143 0
143 0
143 0
143 311278
143 63641
143 91277
143 0
143 4076
143 0
143 321928
143 124511
143 0
143 320402
143 8470
144 0
144 113699
144 0
144 0
144 0
144 0
144 8986
144 19973
144 0
144 43004
144 0
144 72905
144 0
144 0
144 58780
144 25654
145 136879
145 1881
145 0
145 0
145 0
145 811278
145 78495
145 419973
145 0
145 146535
145 0
145 0
145 0
145 0
145 433594
145 8470
146 14771
146 35135
146 0
146 0
146 0
146 122556
146 63641
146 0
146 0
146 146535
146 0
146 72905
146 34851
146 0
146 433594
146 51495
147 61053
147 179670
147 0
147 0
147 0
147 122556
147 10799
147 124511
147 0
147 17220
147 0
147 721928
147 29049
147 0
147 94017
147 1169
148 151835
148 3797
148 0
148 0
148 0
148 122556
148 8986
148 124511
148 0
148 76869
148 0
148 721928
148 34851
148 0
148 433594
148 27870
149 0
149 338557
149 0
149 0
149 0
149 122556
149 2145
149 19973
149 0
149 146535
149 0
149 721928
149 124511
149 0
149 1331
149 51495
150 16111
150 35135
150 0
150 0
150 0
150 122556
150 34827
150 419973
150 0
150 4076
150 0
150 0
150 0
150 0
150 183149
150 86966
151 16111
151 41120
151 0
151 0
151 0
151 122556
151 63641
151 46439
151 0
151 4076
151 0
151 321928
151 124511
151 0
151 1331
151 143156
152 61053
152 6855
152 0
152 0
152 0
152 311278
152 8986
152 124511
152 0
152 190874
152 0
152 170950
152 108031
152 0
152 134779
152 10799
153 16111
153 19338
153 0
153 0
153 0
153 0
153 63641
153 5802
153 0
153 76869
153 0
153 170950
153 34851
153 0
153 58780
153 1169
154 61053
154 181
154 0
154 0
154 0
154 122556
154 2145
154 124511
154 0
154 0
154 0
154 170950
154 395815
154 0
154 1331
154 51495
155 257831
155 179670
155 0
155 0
155 0
155 122556
155 34827
155 91277
155 0
155 146535
155 0
155 0
155 29049
155 0
155 94017
155 25654
156 75395
156 53603
156 0
156 0
156 0
156 122556
156 185805
156 46439
156 0
156 109170
156 0
156 321928
156 29049
156 0
156 433594
156 10799
157 22198
157 11482
157 0
157 0
157 0
157 311278
157 2145
157 170950
157 0
157 316689
157 0
157 170950
157 34851
157 0
157 1331
157 8470
158 0
158 53603
158 0
158 0
158 0
158 122556
158 3396
158 124511
158 0
158 76869
158 0
158 721928
158 124511
158 0
158 134779
158 31705
159 0
159 19338
159 0
159 0
159 0
159 311278
159 34827
159 91277
159 0
159 245459
159 0
159 321928
159 0
159 0
159 1331
159 8470
160 0
160 3797
160 0
160 0
160 0
160 311278
160 78495
160 0
160 0
160 76869
160 0
160 321928
160 0
160 0
160 1331
160 31705
161 151835
161 1881
161 0
161 0
161 0
161 311278
161 63641
161 46439
161 0
161 4076
161 0
161 72905
161 124511
161 0
161 12509
161 51495
162 151835
162 213301
162 0
162 0
162 0
162 122556
162 10799
162 19973
162 0
162 245459
162 0
162 321928
162 29049
162 0
162 320402
162 375
163 74670
163 93531
163 0
163 0
163 0
163 122556
163 25654
163 19973
163 0
163 109170
163 0
163 0
163 0
163 0
163 1331
163 25654
164 0
164 179670
164 0
164 0
164 0
164 311278
164 323650
164 124511
164 0
164 0
164 0
164 72905
164 108031
164 0
164 1331
164 8470
165 22198
165 105843
165 0
165 0
165 0
165 311278
165 2145
165 91277
165 0
165 146535
165 0
165 72905
165 34851
165 0
165 433594
165 376867
166 256981
166 6855
166 0
166 0
166 0
166 122556
166 419973
166 170950
166 0
166 17220
166 0
166 170950
166 0
166 0
166 242697
166 25654
167 0
167 19338
167 0
167 0
167 0
167 122556
167 0
167 7403
167 0
167 48415
167 0
167 72905
167 236452
167 0
167 90463
167 375
168 0
168 35135
168 0
168 0
168 0
168 122556
168 0
168 124511
168 0
168 109170
168 0
168 321928
168 34851
168 0
168 94017
168 8470
169 0
169 35135
169 0
169 0
169 0
169 311278
169 185805
169 91277
169 0
169 146535
169 0
169 321928
169 34851
169 0
169 1331
169 134685
170 74670
170 558834
170 0
170 0
170 0
170 122556
170 63641
170 124511
170 0
170 4076
170 0
170 0
170 29049
170 0
170 12509
170 25654
171 370506
171 105843
171 0
171 0
171 0
171 811278
171 0
171 19973
171 0
171 17220
171 0
171 72905
171 278071
171 0
171 12509
171 375
172 22198
172 35135
172 0
172 0
172 0
172 122556
172 78495
172 281290
172 0
172 0
172 0
172 170950
172 236452
172 0
172 12509
172 25654
173 257831
173 35514
173 0
173 0
173 0
173 311278
173 59773
173 91277
173 0
173 146535
173 0
173 170950
173 0
173 0
173 183149
173 10799
174 14771
174 311278
174 0
174 0
174 0
174 311278
174 2145
174 91277
174 0
174 0
174 0
174 72905
174 236452
174 0
174 1331
174 303307
175 16111
175 97158
175 0
175 0
175 0
175 311278
175 8986
175 419973
175 0
175 4076
175 0
175 170950
175 34851
175 0
175 433594
175 10799
176 16111
176 35514
176 0
176 0
176 0
176 0
176 52654
176 46439
176 0
176 146535
176 0
176 321928
176 108031
176 0
176 1331
176 1169
177 16111
177 97158
177 0
177 0
177 0
177 311278
177 8986
177 124511
177 0
177 4076
177 0
177 170950
177 0
177 0
177 27740
177 25654
178 14771
178 19338
178 0
178 0
178 0
178 311278
178 241995
178 256425
178 0
178 17220
178 0
178 321928
178 29049
178 0
178 242697
178 469322
179 22198
179 181
179 0
179 0
179 0
179 122556
179 63641
179 19973
179 0
179 190874
179 0
179 0
179 124511
179 0
179 12509
179 25654
180 14771
180 19338
180 0
180 0
180 0
180 122556
180 19973
180 419973
180 0
180 146535
180 0
180 170950
180 124511
180 0
180 12509
180 86966
181 0
181 11482
181 0
181 0
181 0
181 311278
181 2145
181 19973
181 0
181 0
181 0
181 321928
181 0
181 0
181 38274
181 10799
182 151835
182 93531
182 0
182 0
182 0
182 811278
182 2145
182 19973
182 0
182 4076
182 0
182 72905
182 34851
182 0
182 12509
182 51495
184 14771
184 79701
184 0
184 0
184 0
184 811278
184 2145
184 609986
184 0
184 0
184 0
184 170950
184 236452
184 0
184 94017
184 51495
185 0
185 11482
185 0
185 0
185 0
185 122556
185 2145
185 19973
185 0
185 146535
185 0
185 321928
185 29049
185 0
185 320402
185 8470
186 16111
186 7490
186 0
186 0
186 0
186 0
186 2145
186 0
186 0
186 17220
186 0
186 721928
186 34851
186 0
186 12509
186 375
187 61053
187 1624
187 0
187 0
187 0
187 311278
187 2145
187 5802
187 0
187 4076
187 0
187 170950
187 34851
187 0
187 12509
187 134685
188 61053
188 181
188 0
188 0
188 0
188 122556
188 0
188 256425
188 0
188 0
188 0
188 72905
188 124511
188 0
188 12509
188 86966
189 0
189 1881
189 0
189 0
189 0
189 122556
189 2145
189 46439
189 0
189 245459
189 0
189 321928
189 34851
189 0
189 242697
189 143156
190 16111
190 11482
190 0
190 0
190 0
190 811278
190 8986
190 256425
190 0
190 245459
190 0
190 0
190 124511
190 0
190 94017
190 3959
191 14771
191 97158
191 0
191 0
191 0
191 311278
191 59773
191 91277
191 0
191 109170
191 0
191 721928
191 108031
191 0
191 27740
191 376867
192 74670
192 138096
192 0
192 0
192 0
192 311278
192 78495
192 124511
192 0
192 245459
192 0
192 72905
192 124511
192 0
192 12509
192 51495
193 0
193 181219
193 0
193 0
193 0
193 311278
193 116295
193 256425
193 0
193 17220
193 0
193 170950
193 0
193 0
193 183149
193 200326
194 22198
194 181219
194 0
194 0
194 0
194 311278
194 116295
194 256425
194 0
194 17220
194 0
194 170950
194 29049
194 0
194 1331
194 68345
195 160112
195 41120
195 0
195 0
195 0
195 811278
195 63641
195 91277
195 0
195 17220
195 0
195 170950
195 34851
195 0
195 242697
195 143156
196 61053
196 181
196 0
196 0
196 0
196 122556
196 10799
196 78982
196 0
196 0
196 0
196 0
196 0
196 0
196 320402
196 1169
197 61053
197 1881
197 0
197 0
197 0
197 122556
197 78495
197 609986
197 0
197 4076
197 0
197 321928
197 0
197 0
197 134779
197 241995
198 370506
198 35879
198 0
198 0
198 0
198 122556
198 25654
198 256425
198 0
198 146535
198 0
198 170950
198 395815
198 0
198 183149
198 375
199 61053
199 19338
199 0
199 0
199 0
199 311278
199 2145
199 91277
199 0
199 4076
199 0
199 321928
199 108031
199 0
199 12509
199 1169
200 0
200 35879
200 0
200 0
200 0
200 0
200 2145
200 91277
200 0
200 48415
200 0
200 170950
200 124511
200 0
200 27740
200 25654
201 0
201 19338
201 0
201 0
201 0
201 811278
201 19973
201 256425
201 0
201 48415
201 0
201 170950
201 34851
201 0
201 12509
201 3959
202 14771
202 3797
202 0
202 0
202 0
202 122556
202 10799
202 46439
202 0
202 0
202 0
202 0
202 34851
202 0
202 58780
202 25654
203 74670
203 35514
203 0
203 0
203 0
203 311278
203 107986
203 46439
203 0
203 146535
203 0
203 170950
203 0
203 0
203 27740
203 375
204 0
204 11482
204 0
204 0
204 0
204 122556
204 8986
204 46439
204 0
204 245459
204 0
204 0
204 34851
204 0
204 1331
204 241995
205 151835
205 3797
205 0
205 0
205 0
205 311278
205 8986
205 19973
205 0
205 109170
205 0
205 72905
205 34851
205 0
205 58780
205 25654
206 14771
206 41120
206 0
206 0
206 0
206 311278
206 59773
206 256425
206 0
206 4076
206 0
206 321928
206 124511
206 0
206 1331
206 241995
207 61053
207 105843
207 0
207 0
207 0
207 122556
207 63641
207 419973
207 0
207 17220
207 0
207 170950
207 395815
207 0
207 134779
207 25654
208 0
208 138096
208 0
208 0
208 0
208 311278
208 59773
208 556779
208 0
208 4076
208 0
208 721928
208 34851
208 0
208 1331
208 8470
209 151835
209 19338
209 0
209 0
209 0
209 311278
209 78495
209 419973
209 0
209 190874
209 0
209 321928
209 124511
209 0
209 1331
209 25654
210 61053
210 11482
210 0
210 0
210 0
210 311278
210 8986
210 256425
210 0
210 4076
210 0
210 321928
210 0
210 0
210 1331
210 241995
211 61053
211 35879
211 0
211 0
211 0
211 0
211 145109
211 0
211 0
211 245459
211 0
211 170950
211 236452
211 0
211 242697
211 1169
212 16111
212 138096
212 0
212 0
212 0
212 811278
212 116295
212 46439
212 0
212 76869
212 0
212 170950
212 0
212 0
212 1331
212 10799
213 508725
213 11482
213 0
213 0
213 0
213 311278
213 8986
213 0
213 0
213 0
213 0
213 170950
213 278071
213 0
213 38274
213 1169
214 16111
214 1881
214 0
214 0
214 0
214 0
214 538268
214 0
214 0
214 146535
214 0
214 170950
214 34851
214 0
214 320402
214 1169
215 16111
215 11482
215 0
215 0
215 0
215 0
215 78495
215 0
215 0
215 146535
215 0
215 170950
215 124511
215 0
215 183149
215 8470
216 16111
216 6855
216 0
216 0
216 0
216 122556
216 63641
216 78982
216 0
216 48415
216 0
216 72905
216 34851
216 0
216 38274
216 31705
218 151835
218 97158
218 0
218 0
218 0
218 122556
218 185805
218 124511
218 0
218 146535
218 0
218 72905
218 0
218 0
218 12509
218 3959
219 14771
219 35135
219 0
219 0
219 0
219 811278
219 8986
219 124511
219 0
219 17220
219 0
219 170950
219 34851
219 0
219 12509
219 51495
220 16111
220 179670
220 0
220 0
220 0
220 811278
220 2145
220 46439
220 0
220 109170
220 0
220 170950
220 29049
220 0
220 183149
220 375
221 257831
221 6855
221 0
221 0
221 0
221 311278
221 134685
221 0
221 0
221 48415
221 0
221 0
221 34851
221 0
221 1331
221 51495
222 14771
222 179670
222 0
222 0
222 0
222 122556
222 2145
222 5802
222 0
222 4076
222 0
222 721928
222 34851
222 0
222 38274
222 86966
223 61053
223 11482
223 0
223 0
223 0
223 311278
223 241995
223 46439
223 0
223 4076
223 0
223 170950
223 29049
223 0
223 183149
223 189340
224 16111
224 1881
224 0
224 0
224 0
224 311278
224 19973
224 124511
224 0
224 0
224 0
224 72905
224 0
224 0
224 12509
224 86966
225 0
225 181
225 0
225 0
225 0
225 311278
225 10799
225 124511
225 0
225 109170
225 0
225 721928
225 236452
225 0
225 1331
225 1169
226 22198
226 181
226 0
226 0
226 0
226 811278
226 8986
226 46439
226 0
226 76869
226 0
226 170950
226 0
226 0
226 94017
226 102004
227 74670
227 1881
227 0
227 0
227 0
227 311278
227 34827
227 0
227 0
227 146535
227 0
227 721928
227 236452
227 0
227 242697
227 375
228 16111
228 1624
228 0
228 0
228 0
228 311278
228 19973
228 0
228 0
228 4076
228 0
228 170950
228 108031
228 0
228 1331
228 8470
229 61053
229 105843
229 0
229 0
229 0
229 811278
229 8986
229 281290
229 0
229 4076
229 0
229 72905
229 124511
229 0
229 1331
229 375
230 16111
230 213301
230 0
230 0
230 0
230 811278
230 278259
230 5802
230 0
230 17220
230 0
230 0
230 0
230 0
230 38274
230 68345
231 61053
231 19338
231 0
231 0
231 0
231 811278
231 0
231 124511
231 0
231 17220
231 0
231 0
231 34851
231 0
231 134779
231 31705
232 61053
232 181
232 0
232 0
232 0
232 122556
232 25654
232 609986
232 0
232 43004
232 0
232 0
232 0
232 0
232 12509
232 25654
233 22198
233 11482
233 0
233 0
233 0
233 122556
233 170950
233 46439
233 0
233 43004
233 0
233 0
233 34851
233 0
233 94017
233 31705
234 16111
234 11482
234 0
234 0
234 0
234 122556
234 63641
234 124511
234 0
234 190874
234 0
234 72905
234 0
234 0
234 12509
234 375
235 16111
235 105843
235 0
235 0
235 0
235 311278
235 34827
235 46439
235 0
235 17220
235 0
235 0
235 0
235 0
235 12509
235 68345
236 151835
236 35135
236 0
236 0
236 0
236 122556
236 93350
236 19973
236 0
236 146535
236 0
236 0
236 124511
236 0
236 1331
236 51495
237 16111
237 35135
237 0
237 0
237 0
237 311278
237 116295
237 321928
237 0
237 4076
237 0
237 721928
237 29049
237 0
237 38274
237 51495
238 151835
238 179670
238 0
238 0
238 0
238 122556
238 34827
238 19973
238 0
238 48415
238 0
238 321928
238 0
238 0
238 38274
238 86966
239 61053
239 293735
239 0
239 0
239 0
239 311278
239 34827
239 144484
239 0
239 0
239 0
239 72905
239 29049
239 0
239 1331
239 25654
240 14771
240 3797
240 0
240 0
240 0
240 311278
240 2145
240 256425
240 0
240 0
240 0
240 72905
240 0
240 0
240 1331
240 25654
241 256981
241 6855
241 0
241 0
241 0
241 311278
241 78495
241 419973
241 0
241 146535
241 0
241 72905
241 108031
241 0
241 1331
241 51495
242 151835
242 11482
242 0
242 0
242 0
242 122556
242 145109
242 7403
242 0
242 92526
242 0
242 170950
242 236452
242 0
242 12509
242 134685
243 0
243 181918
243 0
243 0
243 0
243 122556
243 34827
243 556779
243 0
243 4076
243 0
243 170950
243 124511
243 0
243 1331
243 25654
244 16111
244 6855
244 0
244 0
244 0
244 122556
244 2145
244 609986
244 0
244 17220
244 0
244 72905
244 0
244 0
244 1331
244 25654
245 151835
245 293735
245 0
245 0
245 0
245 0
245 0
245 46439
245 0
245 17220
245 0
245 170950
245 124511
245 0
245 183149
245 10799
246 0
246 11482
246 0
246 0
246 0
246 311278
246 419973
246 5802
246 0
246 316689
246 0
246 72905
246 278071
246 0
246 134779
246 102004
247 151835
247 79701
247 0
247 0
247 0
247 122556
247 63641
247 124511
247 0
247 4076
247 0
247 72905
247 34851
247 0
247 183149
247 86966
248 0
248 97158
248 0
248 0
248 0
248 122556
248 134685
248 91277
248 0
248 22987
248 0
248 0
248 0
248 0
248 58780
248 8470
249 16111
249 213301
249 0
249 0
249 0
249 122556
249 116295
249 91277
249 0
249 0
249 0
249 72905
249 278071
249 0
249 183149
249 102004
250 0
250 19338
250 0
250 0
250 0
250 122556
250 34827
250 46439
250 0
250 146535
250 0
250 321928
250 0
250 0
250 1331
250 189340
251 61053
251 138096
251 0
251 0
251 0
251 0
251 145109
251 91277
251 0
251 17220
251 0
251 170950
251 124511
251 0
251 1331
251 25654
252 0
252 35879
252 0
252 0
252 0
252 122556
252 25654
252 5802
252 0
252 146535
252 0
252 0
252 0
252 0
252 38274
252 25654
253 22198
253 138096
253 0
253 0
253 0
253 811278
253 52654
253 5802
253 0
253 43004
253 0
253 72905
253 34851
253 0
253 433594
253 86966
254 16111
254 35514
254 0
254 0
254 0
254 122556
254 116295
254 124511
254 0
254 4076
254 0
254 170950
254 108031
254 0
254 1331
254 241995
255 16111
255 105843
255 0
255 0
255 0
255 311278
255 3396
255 124511
255 0
255 43004
255 0
255 72905
255 0
255 0
255 1331
255 8470
256 0
256 11482
256 0
256 0
256 0
256 122556
256 8986
256 124511
256 0
256 0
256 0
256 72905
256 395815
256 0
256 183149
256 1169
257 16111
257 35514
257 0
257 0
257 0
257 0
257 8986
257 19973
257 0
257 17220
257 0
257 72905
257 0
257 0
257 38274
257 25654
258 0
258 41120
258 0
258 0
258 0
258 122556
258 59773
258 556779
258 0
258 43004
258 0
258 72905
258 0
258 0
258 134779
258 241995
259 61053
259 253797
259 0
259 0
259 0
259 811278
259 25654
259 5802
259 0
259 43004
259 0
259 721928
259 34851
259 0
259 134779
259 1169
260 16111
260 35879
260 0
260 0
260 0
260 311278
260 34827
260 0
260 0
260 4076
260 0
260 170950
260 34851
260 0
260 242697
260 51495
261 61053
261 3797
261 0
261 0
261 0
261 122556
261 63641
261 0
261 0
261 43004
261 0
261 170950
261 0
261 0
261 183149
261 10799
262 22198
262 53603
262 0
262 0
262 0
262 811278
262 8986
262 19973
262 0
262 48415
262 0
262 170950
262 0
262 0
262 38274
262 51495
263 61053
263 3797
263 0
263 0
263 0
263 311278
263 4545
263 256425
263 0
263 0
263 0
263 170950
263 0
263 0
263 183149
263 86966
264 256981
264 105843
264 0
264 0
264 0
264 811278
264 145109
264 5802
264 0
264 0
264 0
264 72905
264 29049
264 0
264 134779
264 1169
265 0
265 19338
265 0
265 0
265 0
265 122556
265 2145
265 0
265 0
265 4076
265 0
265 0
265 34851
265 0
265 183149
265 25654
