1 10144
1 11486
1 4993
1 41648
2 101589
2 972
2 18667
2 32144
3 19474
3 482
3 1499
3 33189
4 1242
4 753
4 20468
4 9649
5 846
5 221
5 9774
5 3999
6 32315
6 37230
6 6422
6 21166
7 1371
7 4410
7 87
7 778
8 51815
8 7110
8 2964
8 6255
9 59586
9 3415
9 16790
9 1287
10 13933
10 3366
10 45442
10 15724
11 36677
11 186
11 12048
11 9649
12 2073
12 12641
12 6992
12 77497
13 6077
13 21861
13 77490
13 1989
14 0
14 11486
14 21
14 4606
15 0
15 24784
15 15147
15 2042
16 59709
16 12641
16 32271
16 43165
17 6077
17 45180
17 77490
17 4478
18 4695
18 186
18 6992
18 504
19 375
19 1803
19 32271
19 23782
20 2073
20 38109
20 71482
20 24561
21 55918
21 99406
21 77490
21 18062
22 1873
22 31
22 3330
22 18062
23 28622
23 81918
23 331
23 12590
24 36677
24 11486
24 6992
24 526
25 15472
25 482
25 27162
25 504
26 96
26 31
26 3330
26 25703
27 7083
27 17632
27 77490
27 32144
28 405
28 21861
28 4993
28 8851
29 1062
29 76126
29 994
29 18062
31 50976
31 31
31 40880
31 498
32 1062
32 5945
32 71482
32 12590
33 15289
33 186
33 22654
33 4478
34 247869
34 115668
34 994
34 2042
35 516
35 482
35 994
35 1989
36 1873
36 24784
36 60341
36 25703
37 10352
37 7178
37 4993
37 5103
38 516
38 11486
38 331
38 86485
39 6077
39 482
39 6992
39 4606
40 40956
40 186
40 12048
40 19160
41 2073
41 48447
41 18667
41 4478
42 2073
42 45180
42 4993
42 12565
43 21560
43 31492
43 4993
43 1989
44 36045
44 2414
44 60341
44 526
45 405
45 2414
45 83834
45 45880
46 21560
46 21861
46 12048
46 13455
47 1062
47 21861
47 3330
47 4478
48 96
48 972
48 994
48 4606
49 405
49 38109
49 45442
49 8112
50 4373
50 1729
50 1996
50 4659
51 10352
51 482
51 71482
51 526
52 3079
52 31
52 12048
52 15931
53 13321
53 21861
53 6992
53 55507
54 1873
54 7178
54 9338
54 8851
55 1324
55 11486
55 3330
55 103519
56 752
56 14573
56 27162
56 12565
57 11
57 78618
57 87
57 12590
58 3079
58 3366
58 4993
58 504
59 26997
59 972
59 15147
59 18062
60 6077
60 45180
60 6992
60 18062
61 32159
61 5945
61 12048
61 8112
62 63503
62 80690
62 4993
62 73447
63 55918
63 102395
63 3330
63 61700
64 4373
64 1803
64 87
64 2042
65 15289
65 48447
65 1996
65 1989
66 405
66 11827
66 87
66 4659
67 13933
67 80690
67 65775
67 2042
68 1001
68 60419
68 50195
68 29205
69 96
69 2414
69 6992
69 0
70 19636
70 5101
70 18667
70 2930
71 55918
71 24784
71 9338
71 498
72 10144
72 7110
72 563
72 61700
73 7885
73 14573
73 18667
73 18062
74 516
74 80690
74 77490
74 7990
75 32159
75 103108
75 9338
75 24561
76 96
76 1729
76 12048
76 4606
77 53386
77 7178
77 3330
77 2042
78 516
78 1729
78 83834
78 4478
79 6077
79 45180
79 97695
79 2073
80 43264
80 482
80 1996
80 526
81 7885
81 80690
81 4993
81 50883
82 405
82 60419
82 3330
82 0
83 15472
83 5945
83 77490
83 4478
84 96
84 102395
84 994
84 55507
85 28622
85 48447
85 1996
85 498
86 172
86 31492
86 15147
86 146623
87 13933
87 3366
87 563
87 12565
88 15289
88 11827
88 87
88 498
89 2718
89 2414
89 331
89 4606
90 1062
90 1213
90 12048
90 25183
91 19474
91 11486
91 90553
91 8112
92 52903
92 4781
92 1996
92 8430
93 8939
93 186
93 331
93 504
94 6077
94 33725
94 4993
94 12590
95 516
95 186
95 15147
95 8112
96 516
96 78618
96 3330
96 18062
97 172
97 12641
97 3330
97 32144
98 1873
98 1729
98 6992
98 12565
99 7885
99 24784
99 563
99 41648
100 2073
100 5101
100 4993
100 4478
101 11867
101 33725
101 6992
101 8851
102 26764
102 482
102 71482
102 32144
103 19885
103 972
103 331
103 549
104 172
104 17632
104 97695
104 18062
105 6077
105 20284
105 6992
105 2073
106 10144
106 45180
106 6992
106 498
107 172
107 31143
107 65775
107 24561
108 3079
108 1729
108 6992
108 50883
109 21562
109 186
109 65775
109 18062
110 330
110 24784
110 4993
110 22138
111 6212
111 482
111 1996
111 4659
112 172
112 99406
112 90553
112 504
113 3055
113 7178
113 18667
113 41648
114 405
114 61499
114 994
114 118254
115 1062
115 186
115 1996
115 4478
116 1873
116 48447
116 22654
116 12565
117 2073
117 3366
117 77490
117 45880
118 6212
118 7178
118 65775
118 32144
119 6077
119 24784
119 12048
119 51130
120 1001
120 20284
120 71482
120 12565
121 405
121 7178
121 4993
121 62274
122 13321
122 47376
122 27162
122 40884
123 21560
123 7178
123 15147
123 25703
124 63918
124 45180
124 60341
124 4478
125 10352
125 1729
125 3330
125 33430
126 1873
126 482
126 32267
126 12590
127 21560
127 5945
127 22654
127 0
128 34557
128 31492
128 994
128 504
129 3055
129 14573
129 83834
129 32144
130 28622
130 24784
130 83834
130 4478
131 36045
131 7178
131 12048
131 2073
132 8423
132 4572
132 15147
132 51130
133 3603
133 19929
133 1996
133 2073
134 21560
134 1729
134 15147
134 25703
135 405
135 21861
135 3330
135 549
136 4373
136 150476
136 6992
136 78279
137 2073
137 12641
137 4993
137 12590
138 24505
138 2414
138 6992
138 4478
139 0
139 972
139 6992
139 0
140 6077
140 33725
140 97695
140 2073
141 12401
141 21861
141 3330
141 498
142 3055
142 12641
142 4993
142 0
143 1324
143 60419
143 6992
143 61700
144 36677
144 33725
144 3330
144 2042
145 8423
145 14573
145 83834
145 66031
146 172
146 21861
146 97695
146 12565
147 7885
147 5945
147 18667
147 8112
148 26764
148 33725
148 994
148 13542
149 36677
149 12641
149 9338
149 12590
150 752
150 3366
150 331
150 5103
151 3055
151 1729
151 15147
151 8851
152 752
152 5945
152 6992
152 5103
153 405
153 5945
153 9338
153 2255
154 2073
154 12641
154 9338
154 24561
155 172
155 7178
155 4993
155 4478
156 1873
156 11486
156 15147
156 25183
157 15472
157 482
157 113487
157 19160
158 24505
158 31143
158 83834
158 18267
159 3055
159 2414
159 105317
159 504
160 3079
160 12641
160 331
160 12565
161 6077
161 11486
161 3330
161 498
162 2073
162 7178
162 97695
162 51130
163 7885
163 482
163 71482
163 8112
164 4373
164 99406
164 18667
164 1989
165 15472
165 1729
165 9338
165 0
166 19885
166 47376
166 1499
166 4659
167 2073
167 24784
167 65775
167 12590
168 4695
168 11486
168 83834
168 0
169 1324
169 2414
169 83834
169 18267
170 55918
170 45180
170 9338
170 12590
171 7885
171 24784
171 4993
171 18267
172 6030
172 1729
172 331
172 549
173 19885
173 1729
173 83834
173 2042
174 62325
174 12641
174 9338
174 40884
175 13321
175 33725
175 3330
175 25183
176 51
176 2414
176 60341
176 549
177 2718
177 21861
177 9338
177 5235
178 1062
178 102395
178 4993
178 1989
179 1873
179 5945
179 65775
179 504
180 12401
180 54997
180 60341
180 73447
181 3055
181 186
181 6992
181 498
182 36677
182 3366
182 3330
182 7990
184 28622
184 12641
184 6992
184 504
185 4373
185 21861
185 6992
185 504
186 3079
186 186
186 9338
186 602
187 6030
187 186
187 21
187 18267
188 1324
188 31492
188 6992
188 73447
189 516
189 38109
189 4993
189 4659
190 3055
190 11486
190 6992
190 50883
191 4695
191 972
191 9338
191 90263
192 24505
192 45180
192 97695
192 7990
193 21562
193 99406
193 3330
193 504
194 1324
194 78618
194 1996
194 25183
195 101589
195 4572
195 1996
195 2042
196 0
196 4572
196 9338
196 33430
197 3055
197 24784
197 4993
197 1989
198 10144
198 8994
198 83834
198 0
199 516
199 1729
199 12048
199 25703
200 7885
200 20284
200 4993
200 0
201 17932
201 1729
201 3330
201 25183
202 11867
202 8994
202 12048
202 504
203 10859
203 7110
203 1996
203 1989
204 15289
204 186
204 83834
204 19160
205 37809
205 1729
205 71482
205 4606
206 8423
206 12641
206 18667
206 51130
207 21562
207 31
207 1996
207 25183
208 6077
208 1213
208 18667
208 4478
209 3055
209 186
209 83834
209 24561
210 2073
210 149939
210 12048
210 8112
211 11
211 5945
211 60341
211 33430
212 1062
212 4781
212 1996
212 1989
213 10352
213 482
213 9338
213 8112
214 1873
214 60419
214 65775
214 33430
215 1062
215 5945
215 90553
215 33430
216 12401
216 4410
216 45442
216 526
217 8423
217 38109
217 97695
217 24561
218 19474
218 80690
218 90553
218 4659
219 8423
219 103108
219 87
219 1989
220 1873
220 7178
220 36494
220 33189
221 4373
221 76126
221 60341
221 41648
222 45758
222 31
222 12048
222 19160
223 6077
223 20284
223 9338
223 504
224 96
224 1729
224 12048
224 498
225 19474
225 4781
225 994
225 504
226 3079
226 8994
226 55155
226 0
227 752
227 186
227 9338
227 4659
228 330
228 7178
228 1996
228 22138
229 28622
229 66354
229 12048
229 4606
230 6077
230 31492
230 21
230 13455
231 4695
231 1729
231 3330
231 41648
232 1062
232 60419
232 1996
232 4478
233 45758
233 31143
233 87
233 51130
234 12401
234 60419
234 90553
234 526
235 15289
235 186
235 994
235 1989
236 51
236 4572
236 77490
236 32144
237 6077
237 150476
237 12048
237 4606
238 10352
238 7178
238 6992
238 2255
239 15289
239 31
239 9338
239 2073
240 1873
240 33725
240 4993
240 0
241 19885
241 7178
241 97695
241 8851
242 17932
242 186
242 12048
242 24561
243 516
243 45180
243 15147
243 19160
244 29037
244 66354
244 994
244 2073
245 172
245 4781
245 331
245 50883
246 1873
246 48447
246 105317
246 25183
247 75298
247 31492
247 9338
247 32144
248 29037
248 113887
248 65775
248 12590
249 21562
249 7178
249 15147
249 18267
250 6077
250 2414
250 83834
250 41648
251 1873
251 972
251 15147
251 33189
252 17932
252 5945
252 77490
252 4478
253 13933
253 38109
253 4993
253 25183
254 19474
254 78618
254 15147
254 7990
255 21562
255 972
255 331
255 2073
256 2073
256 45180
256 6992
256 32144
257 2718
257 17632
257 15147
257 7990
258 0
258 31143
258 21
258 0
259 24505
259 3366
259 4993
259 526
260 1001
260 21861
260 331
260 40884
261 6077
261 31492
261 1996
261 18062
262 52903
262 12641
262 3330
262 7990
263 11
263 19929
263 3330
263 7990
264 7885
264 38109
264 15147
264 24561
265 15472
265 3366
265 3330
265 13542
