1 58
1 0
1 111347
1 543
1 130
1 63458
1 71403
1 24412
2 41178
2 0
2 62977
2 9290
2 130
2 137018
2 44406
2 21900
3 11439
3 0
3 111347
3 27894
3 6711
3 14281
3 23533
3 36927
4 13132
4 0
4 13137
4 220
4 25195
4 14281
4 47164
4 661
5 2595
5 0
5 13137
5 100
5 11965
5 6875
5 26978
5 25251
6 63458
6 0
6 13137
6 38845
6 11965
6 0
6 20157
6 25251
7 36810
7 0
7 44177
7 220
7 32374
7 77245
7 55926
7 4384
8 103239
8 0
8 27740
8 9406
8 18406
8 93350
8 26978
8 2437
9 36810
9 0
9 0
9 100
9 18406
9 14281
9 20157
9 46839
10 22448
10 0
10 13137
10 9744
10 39989
10 51404
10 109007
10 11953
11 6474
11 0
11 62977
11 1067
11 99079
11 51404
11 8736
11 54260
12 0
12 0
12 144486
12 770
12 1179
12 93350
12 71403
12 82049
13 12920
13 0
13 44177
13 12390
13 66080
13 93350
13 143
13 7271
14 26396
14 0
14 111347
14 543
14 11517
14 51404
14 71403
14 5204
15 2818
15 0
15 44177
15 28665
15 76143
15 22305
15 51237
15 7271
16 70799
16 0
16 84939
16 31027
16 56765
16 6875
16 23533
16 225251
17 3685
17 0
17 84939
17 100330
17 87086
17 63458
17 27141
17 52430
18 11439
18 0
18 62977
18 1067
18 3333
18 40695
18 27141
18 7271
19 803
19 0
19 189052
19 2981
19 39989
19 22305
19 97749
19 4384
20 0
20 0
20 144486
20 27894
20 76143
20 63458
20 2231
20 103109
21 57041
21 0
21 111347
21 100330
21 99079
21 51404
21 200679
21 5204
22 4844
22 0
22 111347
22 2058
22 130
22 51404
22 2231
22 36927
23 34827
23 0
23 27740
23 214521
23 130
23 14281
23 2231
23 24412
24 17982
24 0
24 62977
24 12390
24 130
24 63458
24 143
24 2437
25 57041
25 0
25 62977
25 1067
25 130
25 220026
25 143
25 661
26 2145
26 0
26 44177
26 1472
26 3333
26 77245
26 44406
26 14582
27 58
27 0
27 13137
27 1067
27 56765
27 112716
27 27141
27 36927
28 1608
28 0
28 62977
28 31027
28 130
28 63458
28 121071
28 1285
29 2145
29 0
29 27740
29 95351
29 3333
29 51404
29 19832
29 33695
31 80104
31 0
31 84939
31 543
31 39989
31 40695
31 51237
31 36927
32 12920
32 0
32 27740
32 9406
32 39989
32 137018
32 143
32 47558
33 27987
33 0
33 144486
33 28665
33 112346
33 31061
33 2231
33 5204
35 0
35 0
35 144486
35 10730
35 1179
35 40695
35 11155
35 0
36 246
36 0
36 27740
36 10730
36 66080
36 51404
36 85723
36 281486
37 17982
37 0
37 62977
37 10730
37 87086
37 77245
37 158178
37 11953
38 0
38 0
38 111347
38 35491
38 6711
38 51404
38 105237
38 71406
39 58
39 0
39 62977
39 1067
39 130
39 63458
39 5454
39 24412
40 160837
40 0
40 62977
40 1067
40 6711
40 51404
40 2231
40 47558
41 0
41 0
41 62977
41 95007
41 6711
41 77245
41 44406
41 82049
42 2818
42 0
42 84939
42 58220
42 3333
42 93350
42 2231
42 52430
43 17982
43 0
43 111347
43 12390
43 1179
43 77245
43 51237
43 5204
44 124723
44 0
44 111347
44 1067
44 76143
44 40695
44 805
44 0
45 9809
45 0
45 62977
45 9744
45 163539
45 22305
45 143
45 192005
46 17982
46 0
46 62977
46 31027
46 3333
46 63458
46 47164
46 5204
47 3685
47 0
47 62977
47 31027
47 1179
47 63458
47 2231
47 24412
48 58
48 0
48 44177
48 770
48 6711
48 63458
48 44406
48 1285
49 4844
49 0
49 27740
49 28665
49 39989
49 51404
49 19832
49 52430
50 1608
50 0
50 44177
50 10730
50 130
50 31061
50 23533
50 52430
51 34827
51 0
51 62977
51 1067
51 66080
51 77245
51 143
51 2437
52 17982
52 0
52 44177
52 1472
52 87086
52 40695
52 71403
52 939
53 11439
53 0
53 27740
53 2058
53 130
53 63458
53 44406
53 63622
54 15004
54 0
54 84939
54 9744
54 130
54 93350
54 158178
54 5204
55 2145
55 0
55 62977
55 12390
55 99079
55 112716
55 200679
55 63622
56 246
56 0
56 189052
56 1067
56 11517
56 93350
56 44406
56 661
57 26527
57 0
57 111347
57 214521
57 6711
57 31061
57 27141
57 7271
58 34827
58 0
58 111347
58 770
58 1179
58 77245
58 2231
58 5204
59 48729
59 0
59 144486
59 2058
59 1179
59 93350
59 158178
59 157
60 10418
60 0
60 62977
60 63758
60 66080
60 40695
60 147407
60 1285
61 15004
61 0
61 111347
61 31027
61 6711
61 51404
61 27141
61 2437
62 128295
62 0
62 27740
62 63758
62 3333
62 31061
62 85723
62 82049
63 17982
63 0
63 111347
63 74592
63 1179
63 63458
63 244942
63 11953
64 4844
64 0
64 27740
64 543
64 6711
64 31061
64 23533
64 36927
65 12920
65 0
65 44177
65 58220
65 130
65 31061
65 143
65 5204
66 30685
66 0
66 13137
66 770
66 6711
66 31061
66 97749
66 1285
67 803
67 0
67 144486
67 58220
67 87086
67 40695
67 11155
67 21900
68 1169
68 0
68 84939
68 63758
68 56765
68 40695
68 121071
68 7271
69 10418
69 0
69 27740
69 9290
69 130
69 63458
69 27141
69 14582
70 13132
70 0
70 62977
70 2058
70 112346
70 40695
70 20157
70 21972
71 17982
71 0
71 189052
71 1067
71 112346
71 77245
71 2231
71 7271
72 3685
72 0
72 13137
72 543
72 27036
72 51404
72 71403
72 52430
73 4844
73 0
73 111347
73 9744
73 130
73 137018
73 71403
73 1285
74 11439
74 0
74 144486
74 58220
74 99079
74 51404
74 5454
74 14582
75 52168
75 0
75 257678
75 31027
75 112346
75 77245
75 27141
75 24412
76 2145
76 0
76 84939
76 2058
76 130
76 112716
76 2231
76 7271
77 108848
77 0
77 62977
77 10730
77 130
77 51404
77 8736
77 24412
78 2818
78 0
78 144486
78 31027
78 99079
78 63458
78 2231
78 24412
79 3685
79 0
79 189052
79 2058
79 127192
79 63458
79 27141
79 47558
80 93833
80 0
80 111347
80 27894
80 3333
80 63458
80 27141
80 33695
81 30685
81 0
81 144486
81 58220
81 1179
81 40695
81 85723
81 36927
82 15004
82 0
82 84939
82 112894
82 130
82 40695
82 2231
82 661
83 57041
83 0
83 111347
83 31027
83 112346
83 40695
83 27141
83 0
84 10418
84 0
84 27740
84 281572
84 3333
84 51404
84 158178
84 24412
85 57041
85 0
85 189052
85 10730
85 3333
85 63458
85 11155
85 14582
86 2145
86 0
86 144486
86 2058
86 130
86 112716
86 244942
86 103109
87 41178
87 0
87 27740
87 1067
87 18098
87 40695
87 85723
87 0
88 12920
88 0
88 44177
88 28782
88 3333
88 22305
88 11155
88 1285
89 1608
89 0
89 84939
89 1067
89 66080
89 112716
89 19832
89 36927
90 27987
90 0
90 44177
90 2058
90 3333
90 63458
90 105237
90 661
91 11439
91 0
91 84939
91 2058
91 112346
91 63458
91 199159
91 14582
92 41178
92 0
92 189052
92 2058
92 1179
92 51404
92 27141
92 661
93 803
93 0
93 144486
93 27894
93 66080
93 112716
93 27141
93 7271
94 58
94 0
94 27740
94 12390
94 1179
94 77245
94 11155
94 82049
95 0
95 0
95 62977
95 770
95 3333
95 77245
95 2231
95 47558
96 2818
96 0
96 111347
96 63758
96 6711
96 14281
96 147407
96 1285
97 2145
97 0
97 111347
97 58220
97 66080
97 63458
97 5454
97 82049
98 4844
98 0
98 84939
98 770
98 87086
98 63458
98 27141
98 5204
99 15004
99 0
99 27740
99 10730
99 18098
99 40695
99 27141
99 63622
100 2818
100 0
100 27740
100 31027
100 130
100 51404
100 51237
100 1285
101 2145
101 0
101 84939
101 56194
101 56765
101 31061
101 199159
101 11953
102 22448
102 0
102 111347
102 27894
102 66080
102 77245
102 356867
102 7271
103 8942
103 0
103 257678
103 31027
103 11517
103 63458
103 805
103 5204
104 2145
104 0
104 27740
104 9744
104 112346
104 77245
104 11155
104 24412
105 27987
105 0
105 44177
105 58220
105 1179
105 51404
105 23533
105 1285
106 12920
106 0
106 62977
106 63758
106 130
106 63458
106 11155
106 14582
107 50204
107 0
107 44177
107 63758
107 56765
107 77245
107 27141
107 154937
108 614
108 0
108 62977
108 543
108 130
108 63458
108 85723
108 36927
109 12920
109 0
109 62977
109 1067
109 87086
109 40695
109 27141
109 14582
110 614
110 0
110 84939
110 57421
110 76143
110 63458
110 199159
110 661
111 1169
111 0
111 84939
111 770
111 1179
111 51404
111 5454
111 5204
112 10418
112 0
112 27740
112 74592
112 76143
112 112716
112 44406
112 36927
113 12920
113 0
113 84939
113 28665
113 11517
113 63458
113 71403
113 24412
114 1608
114 0
114 62977
114 100330
114 76143
114 112716
114 105237
114 127208
115 10418
115 0
115 62977
115 1067
115 1179
115 51404
115 11155
115 1285
116 15004
116 0
116 44177
116 58220
116 6711
116 93350
116 143
116 36927
117 2818
117 0
117 189052
117 10730
117 112346
117 40695
117 158178
117 14582
118 57041
118 0
118 111347
118 1067
118 87086
118 40695
118 147407
118 1285
119 3685
119 0
119 27740
119 10730
119 130
119 112716
119 147407
119 14582
120 6474
120 0
120 62977
120 31027
120 76143
120 63458
120 147407
120 7271
121 52168
121 0
121 84939
121 28665
121 87086
121 77245
121 147407
121 21900
122 0
122 0
122 84939
122 19973
122 11517
122 93350
122 85723
122 24412
123 34827
123 0
123 62977
123 10730
123 3333
123 77245
123 244942
123 1285
124 144657
124 0
124 84939
124 58220
124 66080
124 51404
124 27141
124 0
125 34827
125 0
125 189052
125 58220
125 130
125 40695
125 27141
125 35662
126 4844
126 0
126 111347
126 1472
126 6711
126 137018
126 296849
126 24412
127 34827
127 0
127 84939
127 12390
127 18098
127 63458
127 11155
127 7271
128 22448
128 0
128 62977
128 58220
128 1179
128 40695
128 27141
128 7271
129 12920
129 0
129 62977
129 28665
129 127192
129 40695
129 356867
129 7271
130 6474
130 0
130 27740
130 10730
130 112346
130 51404
130 147407
130 24412
131 26396
131 0
131 84939
131 9744
131 1179
131 77245
131 71403
131 11953
132 11439
132 0
132 44177
132 2981
132 130
132 112716
132 105237
132 24412
133 10418
133 0
133 62977
133 15124
133 6711
133 77245
133 71403
133 11953
134 57041
134 0
134 144486
134 31027
134 127192
134 63458
134 23533
134 24412
135 246
135 0
135 44177
135 12390
135 3333
135 22305
135 23533
135 21900
136 246
136 0
136 44177
136 187971
136 3333
136 40695
136 23533
136 166913
137 0
137 0
137 111347
137 58220
137 3333
137 31061
137 105237
137 1285
138 52168
138 0
138 84939
138 10730
138 112346
138 93350
138 51237
138 1285
139 0
139 0
139 62977
139 9290
139 1179
139 93350
139 143
139 157
140 12920
140 0
140 189052
140 1472
140 99079
140 93350
140 19832
140 24412
141 15004
141 0
141 111347
141 10730
141 130
141 40695
141 11155
141 14582
142 12920
142 0
142 27740
142 543
142 99079
142 93350
142 71403
142 47558
143 3685
143 0
143 62977
143 74592
143 1179
143 93350
143 51237
143 82049
144 6474
144 0
144 27740
144 12390
144 1179
144 63458
144 143
144 5204
145 26396
145 0
145 144486
145 1067
145 99079
145 63458
145 23533
145 103109
146 2145
146 0
146 44177
146 12390
146 112346
146 77245
146 71403
146 154937
147 246
147 0
147 62977
147 2058
147 130
147 137018
147 27141
147 2437
148 22448
148 0
148 44177
148 31027
148 56765
148 77245
148 143
148 47558
149 57041
149 0
149 84939
149 10730
149 76143
149 40695
149 11155
149 14582
150 1608
150 0
150 62977
150 9744
150 1179
150 31061
150 87158
150 1285
151 3685
151 0
151 84939
151 2058
151 6711
151 63458
151 143
151 33695
152 4844
152 0
152 111347
152 31027
152 99079
152 77245
152 8736
152 2437
153 246
153 0
153 62977
153 10730
153 66080
153 31061
153 19832
153 157
154 11439
154 0
154 84939
154 10730
154 1179
154 63458
154 27141
154 24412
155 10418
155 0
155 44177
155 1472
155 56765
155 40695
155 11155
155 1285
156 1608
156 0
156 44177
156 31027
156 112346
156 51404
156 2231
156 94611
157 17982
157 0
157 62977
157 9290
157 163539
157 63458
157 71403
157 2437
158 15004
158 0
158 84939
158 15124
158 48096
158 169700
158 105237
158 157
159 3685
159 0
159 62977
159 1472
159 99079
159 112716
159 11155
159 2437
160 1169
160 0
160 62977
160 28665
160 56765
160 93350
160 11155
160 11953
161 27987
161 0
161 84939
161 2058
161 130
161 40695
161 51237
161 36927
162 2818
162 0
162 62977
162 27894
162 112346
162 77245
162 51237
162 63622
163 1608
163 0
163 84939
163 770
163 87086
163 51404
163 11155
163 7271
164 15004
164 0
164 62977
164 159096
164 3333
164 93350
164 44406
164 7271
165 17982
165 0
165 111347
165 12390
165 66080
165 31061
165 19832
165 7271
166 22448
166 0
166 44177
166 74592
166 18098
166 31061
166 5454
166 5204
167 2818
167 0
167 27740
167 10730
167 56765
167 77245
167 296849
167 24412
168 11439
168 0
168 62977
168 12390
168 87086
168 77245
168 143
168 0
169 10418
169 0
169 62977
169 9744
169 56765
169 137018
169 5454
169 36927
170 213034
170 0
170 62977
170 63758
170 3333
170 51404
170 2231
170 24412
171 4844
171 0
171 144486
171 9744
171 130
171 51404
171 200679
171 7271
172 26527
172 0
172 62977
172 1472
172 3333
172 40695
172 19832
172 2437
173 22448
173 0
173 62977
173 543
173 99079
173 63458
173 23533
173 36927
174 52168
174 0
174 62977
174 12390
174 130
174 77245
174 5454
174 103109
175 11439
175 0
175 62977
175 58220
175 130
175 40695
175 19832
175 36927
176 1169
176 0
176 27740
176 9290
176 76143
176 40695
176 2155
176 1285
177 9809
177 0
177 62977
177 31027
177 130
177 93350
177 2155
177 11953
178 58
178 0
178 84939
178 187971
178 130
178 51404
178 27141
178 36927
179 4844
179 0
179 84939
179 1472
179 99079
179 31061
179 85723
179 24412
180 15004
180 0
180 44177
180 95351
180 66080
180 51404
180 105237
180 52430
181 3685
181 0
181 84939
181 1472
181 130
181 63458
181 143
181 1285
182 119323
182 0
182 144486
182 1472
182 130
182 40695
182 105237
182 7271
184 34827
184 0
184 144486
184 95007
184 130
184 63458
184 2231
184 5204
185 4844
185 0
185 111347
185 10730
185 99079
185 77245
185 27141
185 21900
186 1169
186 0
186 62977
186 1067
186 130
186 93350
186 8736
186 661
187 26527
187 0
187 84939
187 1472
187 6711
187 40695
187 2231
187 71406
188 12920
188 0
188 62977
188 35491
188 3333
188 40695
188 105237
188 52430
189 0
189 0
189 189052
189 9744
189 99079
189 93350
189 27141
189 157
190 58
190 0
190 144486
190 63758
190 56765
190 31061
190 200679
190 5204
191 48729
191 0
191 111347
191 543
191 99079
191 63458
191 44406
191 166913
192 80104
192 0
192 62977
192 95007
192 144044
192 51404
192 2231
192 36927
193 49477
193 0
193 62977
193 159096
193 130
193 51404
193 11155
193 11953
194 25841
194 0
194 84939
194 159096
194 1179
194 51404
194 27141
194 21900
195 64933
195 0
195 257678
195 74592
195 3333
195 63458
195 11155
195 157
196 11439
196 0
196 84939
196 10435
196 6711
196 40695
196 19832
196 52430
197 10418
197 0
197 27740
197 10730
197 1179
197 77245
197 11155
197 24412
198 27987
198 0
198 62977
198 27894
198 87086
198 77245
198 27141
198 11953
199 2818
199 0
199 111347
199 12390
199 130
199 93350
199 158178
199 1285
200 4844
200 0
200 62977
200 31027
200 48096
200 31061
200 11155
200 12437
201 4844
201 0
201 111347
201 12390
201 56765
201 51404
201 71403
201 4384
202 10418
202 0
202 144486
202 770
202 3333
202 63458
202 2231
202 5204
203 55075
203 0
203 189052
203 364
203 76143
203 93350
203 27141
203 1285
204 3685
204 0
204 111347
204 10730
204 127192
204 40695
204 143
204 63622
205 49477
205 0
205 111347
205 12390
205 87086
205 51404
205 71403
205 5204
206 2818
206 0
206 44177
206 2058
206 11517
206 63458
206 27141
206 82049
207 3685
207 0
207 84939
207 9290
207 6711
207 77245
207 211931
207 0
208 27987
208 0
208 144486
208 15124
208 130
208 137018
208 44406
208 2437
209 10418
209 0
209 84939
209 1067
209 66080
209 112716
209 51237
209 14582
210 2818
210 0
210 257678
210 63758
210 3333
210 63458
210 11155
210 63622
211 1608
211 0
211 27740
211 56194
211 87086
211 31061
211 97749
211 24412
212 12920
212 0
212 257678
212 12390
212 66080
212 77245
212 51237
212 5204
213 57041
213 0
213 111347
213 1472
213 3333
213 51404
213 105237
213 5204
214 1608
214 0
214 44177
214 146376
214 87086
214 40695
214 47164
214 36927
215 58
215 0
215 44177
215 28665
215 112346
215 63458
215 135365
215 5204
216 246
216 0
216 13137
216 19973
216 56765
216 31061
216 805
216 0
217 2818
217 0
217 144486
217 27894
217 87086
217 112716
217 296849
217 7271
218 124723
218 0
218 62977
218 146376
218 99079
218 77245
218 51237
218 2437
219 26396
219 0
219 257678
219 31027
219 11517
219 40695
219 44406
219 7271
220 4844
220 0
220 144486
220 1067
220 48096
220 22305
220 51237
220 33695
221 30685
221 0
221 189052
221 57421
221 66080
221 51404
221 71403
221 24412
222 6474
222 0
222 44177
222 1472
222 1179
222 137018
222 44406
222 7271
223 3685
223 0
223 111347
223 63758
223 130
223 77245
223 27141
223 7271
224 3685
224 0
224 62977
224 1472
224 6711
224 51404
224 11155
224 14582
225 0
225 0
225 189052
225 2058
225 66080
225 93350
225 19832
225 1285
226 6474
226 0
226 144486
226 770
226 66080
226 40695
226 19832
226 7271
227 9809
227 0
227 111347
227 10730
227 99079
227 63458
227 2231
227 21900
228 9674
228 0
228 84939
228 9744
228 130
228 40695
228 121071
228 2437
229 84970
229 0
229 189052
229 28665
229 6711
229 51404
229 11155
229 2437
230 27987
230 0
230 111347
230 100330
230 3333
230 31061
230 2231
230 54260
231 2818
231 0
231 111347
231 12390
231 3333
231 22305
231 44406
231 36927
232 12920
232 0
232 84939
232 112894
232 1179
232 22305
232 2231
232 24412
233 17982
233 0
233 62977
233 35491
233 130
233 6875
233 105237
233 24412
234 15004
234 0
234 84939
234 63758
234 112346
234 63458
234 5454
234 7271
235 49477
235 0
235 84939
235 1472
235 1179
235 40695
235 143
235 5204
236 6474
236 0
236 84939
236 10435
236 99079
236 51404
236 51237
236 24412
237 27987
237 0
237 44177
237 187971
237 130
237 93350
237 11155
237 2437
238 1169
238 0
238 111347
238 1067
238 76143
238 51404
238 121071
238 71406
239 27987
239 0
239 111347
239 2058
239 1179
239 63458
239 143
239 7271
240 246
240 0
240 62977
240 58220
240 6711
240 22305
240 11155
240 7271
241 22448
241 0
241 111347
241 1067
241 144044
241 51404
241 805
241 14582
242 15004
242 0
242 27740
242 28782
242 3333
242 63458
242 143
242 71406
243 48729
243 0
243 111347
243 31027
243 3333
243 77245
243 44406
243 7271
244 12920
244 0
244 27740
244 58220
244 1179
244 40695
244 143
244 7271
245 10418
245 0
245 44177
245 9290
245 3333
245 40695
245 85723
245 36927
246 4844
246 0
246 62977
246 95007
246 144044
246 63458
246 200679
246 2437
247 108848
247 0
247 84939
247 63758
247 130
247 77245
247 143
247 103109
248 27987
248 0
248 27740
248 143543
248 56765
248 77245
248 105237
248 1285
249 27987
249 0
249 111347
249 1067
249 6711
249 63458
249 105237
249 157
250 3685
250 0
250 62977
250 1472
250 99079
250 63458
250 27141
250 63622
251 4844
251 0
251 62977
251 9290
251 3333
251 77245
251 105237
251 7271
252 4844
252 0
252 84939
252 1472
252 99079
252 51404
252 11155
252 36927
253 22448
253 0
253 144486
253 27894
253 1179
253 77245
253 44406
253 187171
254 26396
254 0
254 84939
254 100330
254 1179
254 93350
254 23533
254 82049
255 49477
255 0
255 84939
255 28782
255 6711
255 51404
255 143
255 7271
256 2818
256 0
256 111347
256 31027
256 1179
256 51404
256 85723
256 14582
257 26527
257 0
257 13137
257 1067
257 1179
257 93350
257 2231
257 36927
258 11439
258 0
258 84939
258 15124
258 3333
258 31061
258 44406
258 24412
259 4844
259 0
259 144486
259 1472
259 3333
259 93350
259 5454
259 7271
260 614
260 0
260 111347
260 10730
260 3333
260 40695
260 5454
260 103109
261 25841
261 0
261 111347
261 12390
261 6711
261 77245
261 51237
261 7271
262 41178
262 0
262 62977
262 12390
262 56765
262 51404
262 71403
262 2437
263 4844
263 0
263 84939
263 19973
263 130
263 40695
263 44406
263 103109
264 246
264 0
264 111347
264 57421
264 3333
264 77245
264 51237
264 14582
265 6474
265 0
265 44177
265 1067
265 3333
265 22305
265 5454
265 63622
